200 6.19921 9.84 5.62453
201 6.16837 9.84 5.6249
202 6.13783 9.84 5.62528
203 6.1076 9.84 5.62565
204 6.07766 9.84 5.62603
205 6.04801 9.84 5.62642
206 6.01865 9.84 5.62681
207 5.98957 9.84 5.6272
208 5.96078 9.84 5.6276
209 5.93226 9.84 5.628
210 5.90401 9.84 5.6284
211 5.87603 9.84 5.62881
212 5.84831 9.84 5.62922
213 5.82085 9.84 5.62963
214 5.79365 9.84 5.63005
215 5.76671 9.84 5.63048
216 5.74001 9.84 5.6309
217 5.71356 9.84 5.63133
218 5.68735 9.84 5.63177
219 5.66138 9.84 5.63221
220 5.63565 9.84 5.63265
221 5.61014 9.84 5.6331
222 5.58487 9.84 5.63355
223 5.55983 9.84 5.63401
224 5.53501 9.84 5.63447
225 5.51041 9.84 5.63493
226 5.48603 9.84 5.6354
227 5.46186 9.84 5.63587
228 5.4379 9.83999 5.63635
229 5.41416 9.83999 5.63683
230 5.39062 9.83999 5.63731
231 5.36728 9.83999 5.6378
232 5.34415 9.83999 5.63829
233 5.32121 9.83999 5.63879
234 5.29847 9.83999 5.63929
235 5.27592 9.83999 5.6398
236 5.25357 9.83999 5.64031
237 5.2314 9.83999 5.64082
238 5.20942 9.83999 5.64134
239 5.18762 9.83999 5.64186
240 5.16601 9.83999 5.64239
241 5.14457 9.83999 5.64292
242 5.12331 9.83999 5.64346
243 5.10223 9.83999 5.644
244 5.08132 9.83999 5.64455
245 5.06058 9.83999 5.6451
246 5.04001 9.83999 5.64565
247 5.0196 9.83999 5.64621
248 4.99936 9.83999 5.64677
249 4.97928 9.83999 5.64734
250 4.95937 9.83999 5.64791
251 4.93961 9.83999 5.64849
252 4.92001 9.83999 5.64907
253 4.90056 9.83999 5.64966
254 4.88127 9.83999 5.65025
255 4.86213 9.83999 5.65084
256 4.84313 9.83999 5.65144
257 4.82429 9.83999 5.65205
258 4.80559 9.83999 5.65266
259 4.78703 9.83999 5.65327
260 4.76862 9.83999 5.65389
261 4.75035 9.83999 5.65452
262 4.73222 9.83999 5.65514
263 4.71423 9.83999 5.65578
264 4.69637 9.83999 5.65642
265 4.67865 9.83999 5.65706
266 4.66106 9.83999 5.65771
267 4.6436 9.83999 5.65836
268 4.62628 9.83999 5.65902
269 4.60908 9.83999 5.65968
270 4.59201 9.83999 5.66034
271 4.57506 9.83999 5.66102
272 4.55824 9.83999 5.66169
273 4.54155 9.83999 5.66237
274 4.52497 9.83999 5.66306
275 4.50852 9.83999 5.66375
276 4.49218 9.83999 5.66445
277 4.47596 9.83999 5.66515
278 4.45986 9.83999 5.66585
279 4.44388 9.83999 5.66656
280 4.42801 9.83999 5.66728
281 4.41225 9.83999 5.668
282 4.3966 9.83999 5.66873
283 4.38107 9.83999 5.66946
284 4.36564 9.83999 5.67019
285 4.35032 9.83999 5.67093
286 4.33511 9.83999 5.67167
287 4.32001 9.83999 5.67242
288 4.30501 9.83999 5.67318
289 4.29011 9.83999 5.67394
290 4.27532 9.83999 5.6747
291 4.26063 9.83999 5.67547
292 4.24603 9.83999 5.67624
293 4.23154 9.83999 5.67702
294 4.21715 9.83999 5.6778
295 4.20285 9.83999 5.67859
296 4.18866 9.83999 5.67938
297 4.17455 9.83999 5.68018
298 4.16054 9.83999 5.68098
299 4.14663 9.83999 5.68178
300 4.13281 9.83998 5.68259
301 4.11908 9.83998 5.6834
302 4.10544 9.83998 5.68422
303 4.09189 9.83998 5.68504
304 4.07843 9.83998 5.68587
305 4.06506 9.83998 5.6867
306 4.05177 9.83998 5.68753
307 4.03857 9.83998 5.68837
308 4.02546 9.83998 5.68921
309 4.01243 9.83998 5.69005
310 3.99949 9.83998 5.6909
311 3.98663 9.83998 5.69175
312 3.97385 9.83998 5.6926
313 3.96116 9.83998 5.69346
314 3.94854 9.83998 5.69432
315 3.93601 9.83998 5.69518
316 3.92355 9.83998 5.69605
317 3.91117 9.83998 5.69692
318 3.89887 9.83998 5.69779
319 3.88665 9.83998 5.69866
320 3.87451 9.83998 5.69953
321 3.86244 9.83998 5.70041
322 3.85044 9.83998 5.70128
323 3.83852 9.83998 5.70216
324 3.82667 9.83998 5.70304
325 3.8149 9.83998 5.70392
326 3.8032 9.83998 5.70479
327 3.79157 9.83998 5.70567
328 3.78001 9.83998 5.70655
329 3.76852 9.83998 5.70743
330 3.7571 9.83998 5.7083
331 3.74575 9.83998 5.70917
332 3.73446 9.83998 5.71004
333 3.72325 9.83998 5.71091
334 3.7121 9.83998 5.71178
335 3.70102 9.83998 5.71264
336 3.69001 9.83998 5.7135
337 3.67906 9.83998 5.71435
338 3.66817 9.83998 5.7152
339 3.65735 9.83998 5.71604
340 3.64659 9.83998 5.71688
341 3.6359 9.83997 5.71771
342 3.62527 9.83997 5.71853
343 3.6147 9.83997 5.71935
344 3.60419 9.83997 5.72015
345 3.59374 9.83997 5.72095
346 3.58336 9.83997 5.72173
347 3.57303 9.83997 5.7225
348 3.56276 9.83997 5.72326
349 3.55256 9.83997 5.72401
350 3.54241 9.83997 5.72475
351 3.53231 9.83997 5.72546
352 3.52228 9.83997 5.72617
353 3.5123 9.83997 5.72685
354 3.50238 9.83997 5.72752
355 3.49251 9.83997 5.72817
356 3.4827 9.83997 5.72879
357 3.47295 9.83997 5.7294
358 3.46325 9.83997 5.72998
359 3.4536 9.83997 5.73054
360 3.44401 9.83997 5.73107
361 3.43447 9.83997 5.73157
362 3.42498 9.83997 5.73205
363 3.41554 9.83997 5.73249
364 3.40616 9.83997 5.7329
365 3.39683 9.83997 5.73328
366 3.38755 9.83997 5.73362
367 3.37832 9.83997 5.73393
368 3.36914 9.83997 5.73419
369 3.36001 9.83997 5.73442
370 3.35092 9.83997 5.7346
371 3.34189 9.83996 5.73473
372 3.33291 9.83996 5.73482
373 3.32397 9.83996 5.73486
374 3.31509 9.83996 5.73484
375 3.30625 9.83996 5.73477
376 3.29745 9.83996 5.73465
377 3.28871 9.83996 5.73446
378 3.28001 9.83996 5.73421
379 3.27135 9.83996 5.7339
380 3.26274 9.83996 5.73352
381 3.25418 9.83996 5.73306
382 3.24566 9.83996 5.73254
383 3.23719 9.83996 5.73193
384 3.22876 9.83996 5.73125
385 3.22037 9.83996 5.73048
386 3.21203 9.83996 5.72963
387 3.20373 9.83996 5.72868
388 3.19547 9.83996 5.72764
389 3.18725 9.83996 5.72651
390 3.17908 9.83996 5.72527
391 3.17095 9.83996 5.72393
392 3.16286 9.83996 5.72247
393 3.15481 9.83996 5.72091
394 3.14681 9.83996 5.71922
395 3.13884 9.83995 5.71742
396 3.13091 9.83995 5.71548
397 3.12303 9.83995 5.71342
398 3.11518 9.83995 5.71122
399 3.10737 9.83995 5.70888
400 3.0996 9.83995 5.70639
401 3.09188 9.83995 5.70376
402 3.08418 9.83995 5.70097
403 3.07653 9.83995 5.69801
404 3.06892 9.83995 5.6949
405 3.06134 9.83995 5.69161
406 3.0538 9.83995 5.68814
407 3.04629 9.83995 5.68449
408 3.03883 9.83995 5.68065
409 3.0314 9.83995 5.67662
410 3.024 9.83995 5.67239
411 3.01665 9.83995 5.66795
412 3.00933 9.83995 5.6633
413 3.00204 9.83995 5.65843
414 2.99479 9.83995 5.65333
415 2.98757 9.83995 5.64801
416 2.98039 9.83994 5.64244
417 2.97324 9.83994 5.63664
418 2.96613 9.83994 5.63058
419 2.95905 9.83994 5.62426
420 2.952 9.83994 5.61768
421 2.94499 9.83994 5.61082
422 2.93801 9.83994 5.60369
423 2.93107 9.83994 5.59627
424 2.92416 9.83994 5.58856
425 2.91728 9.83994 5.58055
426 2.91043 9.83994 5.57223
427 2.90361 9.83994 5.5636
428 2.89683 9.83994 5.55465
429 2.89007 9.83994 5.54537
430 2.88335 9.83994 5.53576
431 2.87666 9.83994 5.5258
432 2.87 9.83994 5.5155
433 2.86338 9.83993 5.50484
434 2.85678 9.83993 5.49382
435 2.85021 9.83993 5.48243
436 2.84367 9.83993 5.47066
437 2.83717 9.83993 5.45851
438 2.83069 9.83993 5.44597
439 2.82424 9.83993 5.43303
440 2.81782 9.83993 5.41969
441 2.81143 9.83993 5.40594
442 2.80507 9.83993 5.39178
443 2.79874 9.83993 5.3772
444 2.79244 9.83993 5.36219
445 2.78616 9.83993 5.34675
446 2.77991 9.83993 5.33087
447 2.7737 9.83993 5.31455
448 2.7675 9.83993 5.29779
449 2.76134 9.83992 5.28058
450 2.7552 9.83992 5.26291
451 2.7491 9.83992 5.24478
452 2.74301 9.83992 5.22618
453 2.73696 9.83992 5.20713
454 2.73093 9.83992 5.1876
455 2.72493 9.83992 5.16761
456 2.71895 9.83992 5.14714
457 2.713 9.83992 5.12619
458 2.70708 9.83992 5.10477
459 2.70118 9.83992 5.08287
460 2.69531 9.83992 5.06049
461 2.68946 9.83992 5.03764
462 2.68364 9.83992 5.01431
463 2.67784 9.83991 4.9905
464 2.67207 9.83991 4.96622
465 2.66633 9.83991 4.94146
466 2.6606 9.83991 4.91623
467 2.65491 9.83991 4.89053
468 2.64923 9.83991 4.86437
469 2.64359 9.83991 4.83775
470 2.63796 9.83991 4.81067
471 2.63236 9.83991 4.78314
472 2.62678 9.83991 4.75516
473 2.62123 9.83991 4.72674
474 2.6157 9.83991 4.69789
475 2.61019 9.83991 4.66861
476 2.60471 9.8399 4.63891
477 2.59925 9.8399 4.60881
478 2.59381 9.8399 4.57829
479 2.5884 9.8399 4.54739
480 2.583 9.8399 4.5161
481 2.57763 9.8399 4.48443
482 2.57229 9.8399 4.45241
483 2.56696 9.8399 4.42003
484 2.56166 9.8399 4.38731
485 2.55638 9.8399 4.35426
486 2.55112 9.8399 4.32089
487 2.54588 9.8399 4.28722
488 2.54066 9.83989 4.25326
489 2.53546 9.83989 4.21902
490 2.53029 9.83989 4.18451
491 2.52514 9.83989 4.14976
492 2.52 9.83989 4.11477
493 2.51489 9.83989 4.07957
494 2.5098 9.83989 4.04415
495 2.50473 9.83989 4.00855
496 2.49968 9.83989 3.97277
497 2.49465 9.83989 3.93683
498 2.48964 9.83989 3.90075
499 2.48465 9.83989 3.86454
500 2.47968 9.83988 3.82822
501 2.47473 9.83988 3.79181
502 2.4698 9.83988 3.75531
503 2.46489 9.83988 3.71875
504 2.46 9.83988 3.68214
505 2.45513 9.83988 3.64551
506 2.45028 9.83988 3.60885
507 2.44545 9.83988 3.5722
508 2.44063 9.83988 3.53556
509 2.43584 9.83988 3.49896
510 2.43106 9.83987 3.4624
511 2.42631 9.83987 3.4259
512 2.42157 9.83987 3.38949
513 2.41685 9.83987 3.35316
514 2.41214 9.83987 3.31694
515 2.40746 9.83987 3.28085
516 2.40279 9.83987 3.24489
517 2.39815 9.83987 3.20908
518 2.39352 9.83987 3.17343
519 2.38891 9.83987 3.13796
520 2.38431 9.83986 3.10268
521 2.37973 9.83986 3.0676
522 2.37518 9.83986 3.03273
523 2.37063 9.83986 2.99809
524 2.36611 9.83986 2.96368
525 2.3616 9.83986 2.92953
526 2.35711 9.83986 2.89563
527 2.35264 9.83986 2.86199
528 2.34819 9.83986 2.82864
529 2.34375 9.83985 2.79557
530 2.33932 9.83985 2.7628
531 2.33492 9.83985 2.73033
532 2.33053 9.83985 2.69818
533 2.32616 9.83985 2.66634
534 2.3218 9.83985 2.63483
535 2.31746 9.83985 2.60366
536 2.31314 9.83985 2.57282
537 2.30883 9.83985 2.54234
538 2.30454 9.83984 2.5122
539 2.30026 9.83984 2.48242
540 2.296 9.83984 2.453
541 2.29176 9.83984 2.42394
542 2.28753 9.83984 2.39525
543 2.28332 9.83984 2.36694
544 2.27912 9.83984 2.339
545 2.27494 9.83984 2.31144
546 2.27077 9.83984 2.28427
547 2.26662 9.83983 2.25747
548 2.26249 9.83983 2.23106
549 2.25836 9.83983 2.20504
550 2.25426 9.83983 2.1794
551 2.25017 9.83983 2.15415
552 2.24609 9.83983 2.12929
553 2.24203 9.83983 2.10482
554 2.23798 9.83983 2.08074
555 2.23395 9.83982 2.05705
556 2.22993 9.83982 2.03374
557 2.22593 9.83982 2.01082
558 2.22194 9.83982 1.98829
559 2.21796 9.83982 1.96614
560 2.214 9.83982 1.94438
561 2.21006 9.83982 1.92299
562 2.20612 9.83982 1.90199
563 2.20221 9.83981 1.88136
564 2.1983 9.83981 1.86111
565 2.19441 9.83981 1.84123
566 2.19053 9.83981 1.82173
567 2.18667 9.83981 1.80259
568 2.18282 9.83981 1.78381
569 2.17898 9.83981 1.7654
570 2.17516 9.8398 1.74734
571 2.17135 9.8398 1.72964
572 2.16756 9.8398 1.71229
573 2.16377 9.8398 1.6953
574 2.16 9.8398 1.67864
575 2.15625 9.8398 1.66233
576 2.1525 9.8398 1.64636
577 2.14877 9.83979 1.63072
578 2.14506 9.83979 1.61541
579 2.14135 9.83979 1.60043
580 2.13766 9.83979 1.58577
581 2.13398 9.83979 1.57143
582 2.13031 9.83979 1.5574
583 2.12666 9.83979 1.54369
584 2.12302 9.83978 1.53028
585 2.11939 9.83978 1.51718
586 2.11577 9.83978 1.50438
587 2.11217 9.83978 1.49187
588 2.10857 9.83978 1.47965
589 2.10499 9.83978 1.46772
590 2.10143 9.83978 1.45607
591 2.09787 9.83977 1.4447
592 2.09433 9.83977 1.4336
593 2.0908 9.83977 1.42278
594 2.08728 9.83977 1.41222
595 2.08377 9.83977 1.40193
596 2.08027 9.83977 1.39189
597 2.07679 9.83976 1.38211
598 2.07331 9.83976 1.37258
599 2.06985 9.83976 1.36329
600 2.0664 9.83976 1.35425
601 2.06296 9.83976 1.34545
602 2.05954 9.83976 1.33689
603 2.05612 9.83976 1.32855
604 2.05272 9.83975 1.32045
605 2.04933 9.83975 1.31257
606 2.04594 9.83975 1.3049
607 2.04257 9.83975 1.29746
608 2.03921 9.83975 1.29023
609 2.03587 9.83975 1.28321
610 2.03253 9.83974 1.27639
611 2.0292 9.83974 1.26978
612 2.02589 9.83974 1.26337
613 2.02258 9.83974 1.25715
614 2.01929 9.83974 1.25113
615 2.016 9.83974 1.2453
616 2.01273 9.83973 1.23965
617 2.00947 9.83973 1.23419
618 2.00622 9.83973 1.2289
619 2.00298 9.83973 1.22379
620 1.99975 9.83973 1.21886
621 1.99652 9.83972 1.2141
622 1.99332 9.83972 1.2095
623 1.99012 9.83972 1.20507
624 1.98693 9.83972 1.2008
625 1.98375 9.83972 1.19669
626 1.98058 9.83972 1.19274
627 1.97742 9.83971 1.18894
628 1.97427 9.83971 1.1853
629 1.97113 9.83971 1.1818
630 1.968 9.83971 1.17845
631 1.96488 9.83971 1.17524
632 1.96178 9.8397 1.17217
633 1.95868 9.8397 1.16924
634 1.95559 9.8397 1.16644
635 1.95251 9.8397 1.16378
636 1.94944 9.8397 1.16125
637 1.94638 9.8397 1.15885
638 1.94333 9.83969 1.15658
639 1.94028 9.83969 1.15443
640 1.93725 9.83969 1.1524
641 1.93423 9.83969 1.1505
642 1.93122 9.83969 1.14871
643 1.92821 9.83968 1.14704
644 1.92522 9.83968 1.14548
645 1.92224 9.83968 1.14403
646 1.91926 9.83968 1.1427
647 1.91629 9.83968 1.14147
648 1.91334 9.83967 1.14035
649 1.91039 9.83967 1.13933
650 1.90745 9.83967 1.13842
651 1.90452 9.83967 1.13761
652 1.9016 9.83967 1.13689
653 1.89869 9.83966 1.13628
654 1.89578 9.83966 1.13576
655 1.89289 9.83966 1.13534
656 1.89 9.83966 1.13501
657 1.88713 9.83966 1.13477
658 1.88426 9.83965 1.13462
659 1.8814 9.83965 1.13455
660 1.87855 9.83965 1.13458
661 1.87571 9.83965 1.13469
662 1.87287 9.83964 1.13488
663 1.87005 9.83964 1.13516
664 1.86723 9.83964 1.13552
665 1.86442 9.83964 1.13596
666 1.86162 9.83964 1.13648
667 1.85883 9.83963 1.13707
668 1.85605 9.83963 1.13774
669 1.85328 9.83963 1.13849
670 1.85051 9.83963 1.13931
671 1.84775 9.83962 1.1402
672 1.845 9.83962 1.14116
673 1.84226 9.83962 1.1422
674 1.83953 9.83962 1.1433
675 1.8368 9.83962 1.14447
676 1.83409 9.83961 1.14571
677 1.83138 9.83961 1.14701
678 1.82868 9.83961 1.14838
679 1.82598 9.83961 1.14982
680 1.8233 9.8396 1.15131
681 1.82062 9.8396 1.15287
682 1.81795 9.8396 1.15449
683 1.81529 9.8396 1.15618
684 1.81263 9.8396 1.15792
685 1.80999 9.83959 1.15971
686 1.80735 9.83959 1.16157
687 1.80472 9.83959 1.16349
688 1.8021 9.83959 1.16546
689 1.79948 9.83958 1.16748
690 1.79687 9.83958 1.16956
691 1.79427 9.83958 1.17169
692 1.79168 9.83958 1.17388
693 1.78909 9.83957 1.17612
694 1.78652 9.83957 1.17841
695 1.78395 9.83957 1.18075
696 1.78138 9.83957 1.18314
697 1.77883 9.83956 1.18558
698 1.77628 9.83956 1.18807
699 1.77374 9.83956 1.19061
700 1.7712 9.83956 1.19319
701 1.76868 9.83955 1.19583
702 1.76616 9.83955 1.1985
703 1.76364 9.83955 1.20123
704 1.76114 9.83955 1.204
705 1.75864 9.83954 1.20681
706 1.75615 9.83954 1.20967
707 1.75367 9.83954 1.21257
708 1.75119 9.83954 1.21552
709 1.74872 9.83953 1.2185
710 1.74626 9.83953 1.22153
711 1.7438 9.83953 1.2246
712 1.74135 9.83952 1.22771
713 1.73891 9.83952 1.23086
714 1.73647 9.83952 1.23406
715 1.73404 9.83952 1.23729
716 1.73162 9.83951 1.24056
717 1.72921 9.83951 1.24386
718 1.7268 9.83951 1.24721
719 1.7244 9.83951 1.2506
720 1.722 9.8395 1.25402
721 1.71961 9.8395 1.25748
722 1.71723 9.8395 1.26097
723 1.71486 9.83949 1.2645
724 1.71249 9.83949 1.26807
725 1.71013 9.83949 1.27167
726 1.70777 9.83949 1.27531
727 1.70542 9.83948 1.27898
728 1.70308 9.83948 1.28269
729 1.70074 9.83948 1.28643
730 1.69841 9.83947 1.2902
731 1.69609 9.83947 1.29401
732 1.69377 9.83947 1.29785
733 1.69146 9.83947 1.30173
734 1.68916 9.83946 1.30563
735 1.68686 9.83946 1.30957
736 1.68457 9.83946 1.31354
737 1.68228 9.83945 1.31754
738 1.68 9.83945 1.32157
739 1.67773 9.83945 1.32564
740 1.67546 9.83945 1.32973
741 1.6732 9.83944 1.33385
742 1.67095 9.83944 1.33801
743 1.6687 9.83944 1.34219
744 1.66645 9.83943 1.34641
745 1.66422 9.83943 1.35065
746 1.66199 9.83943 1.35492
747 1.65976 9.83942 1.35923
748 1.65754 9.83942 1.36356
749 1.65533 9.83942 1.36791
750 1.65312 9.83942 1.3723
751 1.65092 9.83941 1.37672
752 1.64873 9.83941 1.38116
753 1.64654 9.83941 1.38563
754 1.64435 9.8394 1.39013
755 1.64217 9.8394 1.39465
756 1.64 9.8394 1.39921
757 1.63784 9.83939 1.40379
758 1.63568 9.83939 1.40839
759 1.63352 9.83939 1.41303
760 1.63137 9.83938 1.41768
761 1.62923 9.83938 1.42237
762 1.62709 9.83938 1.42708
763 1.62496 9.83937 1.43182
764 1.62283 9.83937 1.43658
765 1.62071 9.83937 1.44137
766 1.61859 9.83936 1.44618
767 1.61648 9.83936 1.45102
768 1.61438 9.83936 1.45589
769 1.61228 9.83935 1.46078
770 1.61018 9.83935 1.46569
771 1.6081 9.83935 1.47063
772 1.60601 9.83934 1.47559
773 1.60394 9.83934 1.48058
774 1.60186 9.83934 1.48559
775 1.5998 9.83933 1.49063
776 1.59773 9.83933 1.49569
777 1.59568 9.83933 1.50077
778 1.59363 9.83932 1.50588
779 1.59158 9.83932 1.51101
780 1.58954 9.83932 1.51617
781 1.58751 9.83931 1.52134
782 1.58548 9.83931 1.52655
783 1.58345 9.83931 1.53177
784 1.58143 9.8393 1.53702
785 1.57942 9.8393 1.54229
786 1.57741 9.83929 1.54758
787 1.5754 9.83929 1.5529
788 1.5734 9.83929 1.55824
789 1.57141 9.83928 1.5636
790 1.56942 9.83928 1.56899
791 1.56744 9.83928 1.5744
792 1.56546 9.83927 1.57983
793 1.56348 9.83927 1.58528
794 1.56151 9.83927 1.59075
795 1.55955 9.83926 1.59625
796 1.55759 9.83926 1.60177
797 1.55564 9.83925 1.60731
798 1.55369 9.83925 1.61287
799 1.55174 9.83925 1.61846
800 1.5498 9.83924 1.62407
801 1.54787 9.83924 1.6297
802 1.54594 9.83924 1.63535
803 1.54401 9.83923 1.64102
804 1.54209 9.83923 1.64671
805 1.54018 9.83922 1.65243
806 1.53827 9.83922 1.65816
807 1.53636 9.83922 1.66392
808 1.53446 9.83921 1.6697
809 1.53256 9.83921 1.6755
810 1.53067 9.8392 1.68132
811 1.52878 9.8392 1.68716
812 1.5269 9.8392 1.69303
813 1.52502 9.83919 1.69891
814 1.52315 9.83919 1.70482
815 1.52128 9.83918 1.71075
816 1.51941 9.83918 1.71669
817 1.51755 9.83918 1.72266
818 1.5157 9.83917 1.72865
819 1.51385 9.83917 1.73466
820 1.512 9.83916 1.74069
821 1.51016 9.83916 1.74675
822 1.50832 9.83916 1.75282
823 1.50649 9.83915 1.75891
824 1.50466 9.83915 1.76503
825 1.50284 9.83914 1.77116
826 1.50102 9.83914 1.77732
827 1.4992 9.83914 1.78349
828 1.49739 9.83913 1.78969
829 1.49559 9.83913 1.79591
830 1.49379 9.83912 1.80214
831 1.49199 9.83912 1.8084
832 1.49019 9.83911 1.81468
833 1.48841 9.83911 1.82098
834 1.48662 9.83911 1.8273
835 1.48484 9.8391 1.83364
836 1.48306 9.8391 1.83999
837 1.48129 9.83909 1.84637
838 1.47952 9.83909 1.85277
839 1.47776 9.83908 1.85919
840 1.476 9.83908 1.86563
841 1.47425 9.83908 1.87209
842 1.4725 9.83907 1.87858
843 1.47075 9.83907 1.88508
844 1.46901 9.83906 1.8916
845 1.46727 9.83906 1.89814
846 1.46553 9.83905 1.9047
847 1.4638 9.83905 1.91128
848 1.46208 9.83904 1.91788
849 1.46036 9.83904 1.9245
850 1.45864 9.83904 1.93114
851 1.45692 9.83903 1.93781
852 1.45521 9.83903 1.94449
853 1.45351 9.83902 1.95119
854 1.45181 9.83902 1.95791
855 1.45011 9.83901 1.96465
856 1.44841 9.83901 1.97141
857 1.44672 9.839 1.9782
858 1.44504 9.839 1.985
859 1.44335 9.83899 1.99182
860 1.44168 9.83899 1.99866
861 1.44 9.83899 2.00552
862 1.43833 9.83898 2.0124
863 1.43667 9.83898 2.0193
864 1.435 9.83897 2.02623
865 1.43334 9.83897 2.03317
866 1.43169 9.83896 2.04013
867 1.43004 9.83896 2.04711
868 1.42839 9.83895 2.05411
869 1.42675 9.83895 2.06113
870 1.42511 9.83894 2.06817
871 1.42347 9.83894 2.07524
872 1.42184 9.83893 2.08232
873 1.42021 9.83893 2.08942
874 1.41858 9.83892 2.09654
875 1.41696 9.83892 2.10368
876 1.41534 9.83891 2.11084
877 1.41373 9.83891 2.11802
878 1.41212 9.8389 2.12522
879 1.41051 9.8389 2.13244
880 1.40891 9.83889 2.13968
881 1.40731 9.83889 2.14695
882 1.40572 9.83888 2.15423
883 1.40412 9.83888 2.16153
884 1.40254 9.83887 2.16885
885 1.40095 9.83887 2.17619
886 1.39937 9.83886 2.18355
887 1.39779 9.83886 2.19093
888 1.39622 9.83885 2.19833
889 1.39465 9.83885 2.20575
890 1.39308 9.83884 2.2132
891 1.39152 9.83884 2.22066
892 1.38996 9.83883 2.22814
893 1.3884 9.83883 2.23564
894 1.38685 9.83882 2.24316
895 1.3853 9.83882 2.2507
896 1.38375 9.83881 2.25827
897 1.38221 9.83881 2.26585
898 1.38067 9.8388 2.27345
899 1.37913 9.83879 2.28107
900 1.3776 9.83879 2.28872
