200 6.19921 7.72788 5.62453
201 6.16837 7.70671 5.6249
202 6.13783 7.68543 5.62527
203 6.1076 7.66405 5.62565
204 6.07766 7.64256 5.62603
205 6.04801 7.62097 5.62642
206 6.01865 7.59927 5.62681
207 5.98957 7.57747 5.6272
208 5.96078 7.55556 5.62759
209 5.93226 7.53354 5.62799
210 5.90401 7.51142 5.6284
211 5.87603 7.48919 5.6288
212 5.84831 7.46686 5.62922
213 5.82085 7.44443 5.62963
214 5.79365 7.42188 5.63005
215 5.76671 7.39923 5.63047
216 5.74001 7.37648 5.6309
217 5.71356 7.35362 5.63133
218 5.68735 7.33066 5.63177
219 5.66138 7.30758 5.63221
220 5.63565 7.28441 5.63265
221 5.61014 7.26113 5.6331
222 5.58487 7.23774 5.63355
223 5.55983 7.21425 5.634
224 5.53501 7.19065 5.63446
225 5.51041 7.16695 5.63493
226 5.48603 7.14314 5.63539
227 5.46186 7.11922 5.63587
228 5.4379 7.0952 5.63634
229 5.41416 7.07108 5.63682
230 5.39062 7.04684 5.63731
231 5.36728 7.02251 5.6378
232 5.34415 6.99807 5.63829
233 5.32121 6.97352 5.63879
234 5.29847 6.94886 5.63929
235 5.27592 6.92411 5.63979
236 5.25357 6.89924 5.6403
237 5.2314 6.87427 5.64082
238 5.20942 6.8492 5.64134
239 5.18762 6.82402 5.64186
240 5.16601 6.79873 5.64239
241 5.14457 6.77334 5.64292
242 5.12331 6.74784 5.64345
243 5.10223 6.72224 5.644
244 5.08132 6.69653 5.64454
245 5.06058 6.67072 5.64509
246 5.04001 6.6448 5.64564
247 5.0196 6.61877 5.6462
248 4.99936 6.59264 5.64677
249 4.97928 6.56641 5.64733
250 4.95937 6.54006 5.64791
251 4.93961 6.51362 5.64848
252 4.92001 6.48707 5.64907
253 4.90056 6.46041 5.64965
254 4.88127 6.43365 5.65024
255 4.86213 6.40678 5.65084
256 4.84313 6.3798 5.65144
257 4.82429 6.35272 5.65204
258 4.80559 6.32554 5.65265
259 4.78703 6.29825 5.65327
260 4.76862 6.27085 5.65388
261 4.75035 6.24335 5.65451
262 4.73222 6.21574 5.65514
263 4.71423 6.18803 5.65577
264 4.69637 6.16021 5.65641
265 4.67865 6.13229 5.65705
266 4.66106 6.10426 5.6577
267 4.6436 6.07613 5.65835
268 4.62628 6.04789 5.65901
269 4.60908 6.01954 5.65967
270 4.59201 5.99109 5.66033
271 4.57506 5.96253 5.66101
272 4.55824 5.93387 5.66168
273 4.54155 5.90511 5.66236
274 4.52497 5.87623 5.66305
275 4.50852 5.84725 5.66374
276 4.49218 5.81817 5.66444
277 4.47596 5.78898 5.66514
278 4.45986 5.75969 5.66584
279 4.44388 5.73029 5.66655
280 4.42801 5.70078 5.66727
281 4.41225 5.67117 5.66799
282 4.3966 5.64146 5.66871
283 4.38107 5.61163 5.66944
284 4.36564 5.58171 5.67018
285 4.35032 5.55167 5.67092
286 4.33511 5.52154 5.67166
287 4.32001 5.49129 5.67241
288 4.30501 5.46094 5.67316
289 4.29011 5.43049 5.67392
290 4.27532 5.39993 5.67468
291 4.26063 5.36927 5.67545
292 4.24603 5.33849 5.67622
293 4.23154 5.30762 5.677
294 4.21715 5.27664 5.67778
295 4.20285 5.24555 5.67857
296 4.18866 5.21436 5.67936
297 4.17455 5.18306 5.68016
298 4.16054 5.15166 5.68096
299 4.14663 5.12015 5.68176
300 4.13281 5.08853 5.68257
301 4.11908 5.05681 5.68338
302 4.10544 5.02499 5.6842
303 4.09189 4.99306 5.68502
304 4.07843 4.96102 5.68584
305 4.06506 4.92888 5.68667
306 4.05177 4.89663 5.68751
307 4.03857 4.86428 5.68834
308 4.02546 4.83183 5.68918
309 4.01243 4.79926 5.69003
310 3.99949 4.76659 5.69087
311 3.98663 4.73382 5.69172
312 3.97385 4.70094 5.69258
313 3.96116 4.66796 5.69343
314 3.94854 4.63487 5.69429
315 3.93601 4.60167 5.69516
316 3.92355 4.56837 5.69602
317 3.91117 4.53496 5.69689
318 3.89887 4.50145 5.69776
319 3.88665 4.46784 5.69863
320 3.87451 4.43411 5.6995
321 3.86244 4.40029 5.70037
322 3.85044 4.36635 5.70125
323 3.83852 4.33231 5.70213
324 3.82667 4.29817 5.703
325 3.8149 4.26392 5.70388
326 3.8032 4.22957 5.70476
327 3.79157 4.1951 5.70563
328 3.78001 4.16054 5.70651
329 3.76852 4.12587 5.70739
330 3.7571 4.09109 5.70826
331 3.74575 4.05621 5.70913
332 3.73446 4.02122 5.71
333 3.72325 3.98613 5.71087
334 3.7121 3.95093 5.71174
335 3.70102 3.91563 5.7126
336 3.69001 3.88022 5.71345
337 3.67906 3.84471 5.71431
338 3.66817 3.80909 5.71515
339 3.65735 3.77336 5.716
340 3.64659 3.73753 5.71683
341 3.6359 3.7016 5.71766
342 3.62527 3.66556 5.71848
343 3.6147 3.62941 5.71929
344 3.60419 3.59316 5.7201
345 3.59374 3.5568 5.72089
346 3.58336 3.52034 5.72168
347 3.57303 3.48377 5.72245
348 3.56276 3.4471 5.72321
349 3.55256 3.41032 5.72395
350 3.54241 3.37343 5.72469
351 3.53231 3.33645 5.7254
352 3.52228 3.29935 5.7261
353 3.5123 3.26215 5.72679
354 3.50238 3.22485 5.72745
355 3.49251 3.18744 5.7281
356 3.4827 3.14992 5.72873
357 3.47295 3.1123 5.72933
358 3.46325 3.07457 5.72991
359 3.4536 3.03674 5.73046
360 3.44401 2.9988 5.73099
361 3.43447 2.96076 5.7315
362 3.42498 2.92261 5.73197
363 3.41554 2.88436 5.73241
364 3.40616 2.846 5.73282
365 3.39683 2.80753 5.7332
366 3.38755 2.76897 5.73354
367 3.37832 2.73029 5.73384
368 3.36914 2.69151 5.73411
369 3.36001 2.65263 5.73433
370 3.35092 2.61363 5.73451
371 3.34189 2.57454 5.73464
372 3.33291 2.53534 5.73473
373 3.32397 2.49603 5.73476
374 3.31509 2.45662 5.73475
375 3.30625 2.4171 5.73468
376 3.29745 2.37748 5.73455
377 3.28871 2.33775 5.73436
378 3.28001 2.29792 5.73411
379 3.27135 2.25798 5.73379
380 3.26274 2.21793 5.73341
381 3.25418 2.17778 5.73295
382 3.24566 2.13753 5.73242
383 3.23719 2.09717 5.73182
384 3.22876 2.05671 5.73113
385 3.22037 2.01613 5.73036
386 3.21203 1.97546 5.72951
387 3.20373 1.93468 5.72856
388 3.19547 1.89379 5.72752
389 3.18725 1.8528 5.72638
390 3.17908 1.8117 5.72514
391 3.17095 1.7705 5.72379
392 3.16286 1.72919 5.72234
393 3.15481 1.68778 5.72077
394 3.14681 1.64626 5.71908
395 3.13884 1.60464 5.71728
396 3.13091 1.56291 5.71534
397 3.12303 1.52108 5.71327
398 3.11518 1.47914 5.71107
399 3.10737 1.43709 5.70873
400 3.0996 1.39494 5.70624
401 3.09188 1.35269 5.7036
402 3.08418 1.31033 5.70081
403 3.07653 1.26786 5.69785
404 3.06892 1.22529 5.69473
405 3.06134 1.18261 5.69144
406 3.0538 1.13983 5.68797
407 3.04629 1.09694 5.68432
408 3.03883 1.05395 5.68048
409 3.0314 1.01086 5.67644
410 3.024 0.967653 5.67221
411 3.01665 0.924345 5.66776
412 3.00933 0.880932 5.66311
413 3.00204 0.837413 5.65824
414 2.99479 0.79379 5.65314
415 2.98757 0.750061 5.64781
416 2.98039 0.706227 5.64224
417 2.97324 0.662287 5.63643
418 2.96613 0.618243 5.63037
419 2.95905 0.574093 5.62405
420 2.952 0.529838 5.61746
421 2.94499 0.485477 5.6106
422 2.93801 0.441012 5.60346
423 2.93107 0.396441 5.59604
424 2.92416 0.351765 5.58833
425 2.91728 0.306984 5.58031
426 2.91043 0.262097 5.57199
427 2.90361 0.217105 5.56336
428 2.89683 0.172008 5.55441
429 2.89007 0.126806 5.54512
430 2.88335 0.0814985 5.53551
431 2.87666 0.0360857 5.52555
432 2.87 -0.00943219 5.51524
433 2.86338 -0.0550553 5.50457
434 2.85678 -0.100784 5.49355
435 2.85021 -0.146617 5.48215
436 2.84367 -0.192556 5.47038
437 2.83717 -0.2386 5.45822
438 2.83069 -0.284749 5.44568
439 2.82424 -0.331004 5.43273
440 2.81782 -0.377363 5.41939
441 2.81143 -0.423828 5.40564
442 2.80507 -0.470398 5.39147
443 2.79874 -0.517074 5.37688
444 2.79244 -0.563854 5.36187
445 2.78616 -0.61074 5.34643
446 2.77991 -0.657731 5.33054
447 2.7737 -0.704827 5.31422
448 2.7675 -0.752028 5.29745
449 2.76134 -0.799334 5.28023
450 2.7552 -0.846746 5.26255
451 2.7491 -0.894263 5.24442
452 2.74301 -0.941885 5.22582
453 2.73696 -0.989612 5.20676
454 2.73093 -1.03744 5.18723
455 2.72493 -1.08538 5.16723
456 2.71895 -1.13342 5.14675
457 2.713 -1.18157 5.1258
458 2.70708 -1.22983 5.10437
459 2.70118 -1.27818 5.08247
460 2.69531 -1.32665 5.06008
461 2.68946 -1.37522 5.03722
462 2.68364 -1.42389 5.01389
463 2.67784 -1.47267 4.99007
464 2.67207 -1.52155 4.96578
465 2.66633 -1.57054 4.94102
466 2.6606 -1.61964 4.91578
467 2.65491 -1.66884 4.89008
468 2.64923 -1.71814 4.86391
469 2.64359 -1.76755 4.83728
470 2.63796 -1.81707 4.81019
471 2.63236 -1.86669 4.78266
472 2.62678 -1.91641 4.75467
473 2.62123 -1.96624 4.72625
474 2.6157 -2.01618 4.69739
475 2.61019 -2.06622 4.6681
476 2.60471 -2.11636 4.63839
477 2.59925 -2.16662 4.60828
478 2.59381 -2.21697 4.57776
479 2.5884 -2.26743 4.54684
480 2.583 -2.318 4.51555
481 2.57763 -2.36867 4.48387
482 2.57229 -2.41945 4.45184
483 2.56696 -2.47033 4.41945
484 2.56166 -2.52132 4.38672
485 2.55638 -2.57241 4.35366
486 2.55112 -2.62361 4.32029
487 2.54588 -2.67491 4.28661
488 2.54066 -2.72632 4.25264
489 2.53546 -2.77783 4.21839
490 2.53029 -2.82945 4.18388
491 2.52514 -2.88117 4.14912
492 2.52 -2.933 4.11412
493 2.51489 -2.98493 4.0789
494 2.5098 -3.03697 4.04348
495 2.50473 -3.08911 4.00787
496 2.49968 -3.14136 3.97208
497 2.49465 -3.19371 3.93613
498 2.48964 -3.24617 3.90004
499 2.48465 -3.29873 3.86382
500 2.47968 -3.3514 3.82749
501 2.47473 -3.40418 3.79106
502 2.4698 -3.45705 3.75456
503 2.46489 -3.51004 3.71799
504 2.46 -3.56313 3.68137
505 2.45513 -3.61632 3.64472
506 2.45028 -3.66962 3.60805
507 2.44545 -3.72302 3.57139
508 2.44063 -3.77653 3.53474
509 2.43584 -3.83015 3.49813
510 2.43106 -3.88387 3.46156
511 2.42631 -3.93769 3.42505
512 2.42157 -3.99162 3.38862
513 2.41685 -4.04566 3.35228
514 2.41214 -4.0998 3.31605
515 2.40746 -4.15404 3.27995
516 2.40279 -4.20839 3.24397
517 2.39815 -4.26285 3.20815
518 2.39352 -4.3174 3.17249
519 2.38891 -4.37207 3.13701
520 2.38431 -4.42684 3.10171
521 2.37973 -4.48171 3.06662
522 2.37518 -4.53669 3.03174
523 2.37063 -4.59178 2.99708
524 2.36611 -4.64697 2.96266
525 2.3616 -4.70227 2.92849
526 2.35711 -4.75767 2.89458
527 2.35264 -4.81317 2.86093
528 2.34819 -4.86878 2.82757
529 2.34375 -4.9245 2.79448
530 2.33932 -4.98032 2.7617
531 2.33492 -5.03624 2.72922
532 2.33053 -5.09227 2.69705
533 2.32616 -5.14841 2.6652
534 2.3218 -5.20465 2.63367
535 2.31746 -5.26099 2.60248
536 2.31314 -5.31744 2.57163
537 2.30883 -5.374 2.54113
538 2.30454 -5.43066 2.51097
539 2.30026 -5.48742 2.48118
540 2.296 -5.54429 2.45174
541 2.29176 -5.60127 2.42267
542 2.28753 -5.65835 2.39396
543 2.28332 -5.71554 2.36563
544 2.27912 -5.77283 2.33768
545 2.27494 -5.83022 2.3101
546 2.27077 -5.88772 2.28291
547 2.26662 -5.94533 2.25609
548 2.26249 -6.00304 2.22967
549 2.25836 -6.06085 2.20363
550 2.25426 -6.11877 2.17797
551 2.25017 -6.1768 2.1527
552 2.24609 -6.23493 2.12783
553 2.24203 -6.29316 2.10334
554 2.23798 -6.3515 2.07924
555 2.23395 -6.40995 2.05552
556 2.22993 -6.4685 2.0322
557 2.22593 -6.52715 2.00926
558 2.22194 -6.58591 1.98671
559 2.21796 -6.64478 1.96454
560 2.214 -6.70375 1.94275
561 2.21006 -6.76282 1.92135
562 2.20612 -6.822 1.90033
563 2.20221 -6.88129 1.87968
564 2.1983 -6.94068 1.85941
565 2.19441 -7.00017 1.83951
566 2.19053 -7.05977 1.81998
567 2.18667 -7.11948 1.80082
568 2.18282 -7.17929 1.78202
569 2.17898 -7.2392 1.76358
570 2.17516 -7.29922 1.74551
571 2.17135 -7.35934 1.72778
572 2.16756 -7.41957 1.71041
573 2.16377 -7.47991 1.69339
574 2.16 -7.54035 1.67671
575 2.15625 -7.60089 1.66038
576 2.1525 -7.66154 1.64438
577 2.14877 -7.72229 1.62872
578 2.14506 -7.78315 1.61339
579 2.14135 -7.84412 1.59838
580 2.13766 -7.90518 1.5837
581 2.13398 -7.96636 1.56933
582 2.13031 -8.02764 1.55528
583 2.12666 -8.08902 1.54154
584 2.12302 -8.15051 1.52811
585 2.11939 -8.2121 1.51498
586 2.11577 -8.2738 1.50215
587 2.11217 -8.3356 1.48961
588 2.10857 -8.39751 1.47737
589 2.10499 -8.45952 1.46541
590 2.10143 -8.52164 1.45373
591 2.09787 -8.58386 1.44233
592 2.09433 -8.64619 1.43121
593 2.0908 -8.70862 1.42036
594 2.08728 -8.77116 1.40977
595 2.08377 -8.8338 1.39945
596 2.08027 -8.89655 1.38938
597 2.07679 -8.9594 1.37957
598 2.07331 -9.02235 1.37001
599 2.06985 -9.08541 1.3607
600 2.0664 -9.14858 1.35162
601 2.06296 -9.21185 1.34279
602 2.05954 -9.27523 1.3342
603 2.05612 -9.33871 1.32583
604 2.05272 -9.40229 1.31769
605 2.04933 -9.46598 1.30978
606 2.04594 -9.52978 1.30208
607 2.04257 -9.59368 1.29461
608 2.03921 -9.65768 1.28734
609 2.03587 -9.72179 1.28029
610 2.03253 -9.78601 1.27344
611 2.0292 -9.85033 1.26679
612 2.02589 -9.91475 1.26035
613 2.02258 -9.97928 1.2541
614 2.01929 -10.0439 1.24804
615 2.016 -10.1087 1.24217
616 2.01273 -10.1735 1.23649
617 2.00947 -10.2384 1.23099
618 2.00622 -10.3035 1.22566
619 2.00298 -10.3687 1.22052
620 1.99975 -10.4339 1.21555
621 1.99652 -10.4993 1.21075
622 1.99332 -10.5648 1.20612
623 1.99012 -10.6303 1.20165
624 1.98693 -10.696 1.19734
625 1.98375 -10.7618 1.19319
626 1.98058 -10.8277 1.1892
627 1.97742 -10.8937 1.18536
628 1.97427 -10.9598 1.18168
629 1.97113 -11.026 1.17814
630 1.968 -11.0923 1.17474
631 1.96488 -11.1587 1.17149
632 1.96178 -11.2252 1.16838
633 1.95868 -11.2919 1.16541
634 1.95559 -11.3586 1.16257
635 1.95251 -11.4254 1.15987
636 1.94944 -11.4924 1.15729
637 1.94638 -11.5594 1.15485
638 1.94333 -11.6266 1.15253
639 1.94028 -11.6938 1.15034
640 1.93725 -11.7612 1.14827
641 1.93423 -11.8286 1.14632
642 1.93122 -11.8962 1.14448
643 1.92821 -11.9639 1.14276
644 1.92522 -12.0317 1.14116
645 1.92224 -12.0995 1.13966
646 1.91926 -12.1675 1.13828
647 1.91629 -12.2356 1.13701
648 1.91334 -12.3038 1.13584
649 1.91039 -12.3721 1.13477
650 1.90745 -12.4405 1.13381
651 1.90452 -12.509 1.13295
652 1.9016 -12.5776 1.13218
653 1.89869 -12.6464 1.13152
654 1.89578 -12.7152 1.13095
655 1.89289 -12.7841 1.13047
656 1.89 -12.8532 1.13009
657 1.88713 -12.9223 1.1298
658 1.88426 -12.9915 1.12959
659 1.8814 -13.0609 1.12948
660 1.87855 -13.1303 1.12945
661 1.87571 -13.1999 1.1295
662 1.87287 -13.2696 1.12964
663 1.87005 -13.3393 1.12986
664 1.86723 -13.4092 1.13017
665 1.86442 -13.4792 1.13055
666 1.86162 -13.5492 1.13101
667 1.85883 -13.6194 1.13154
668 1.85605 -13.6897 1.13216
669 1.85328 -13.7601 1.13284
670 1.85051 -13.8306 1.1336
671 1.84775 -13.9012 1.13444
672 1.845 -13.9719 1.13534
673 1.84226 -14.0427 1.13631
674 1.83953 -14.1137 1.13735
675 1.8368 -14.1847 1.13846
676 1.83409 -14.2558 1.13964
677 1.83138 -14.327 1.14088
678 1.82868 -14.3984 1.14219
679 1.82598 -14.4698 1.14356
680 1.8233 -14.5414 1.14499
681 1.82062 -14.613 1.14648
682 1.81795 -14.6848 1.14804
683 1.81529 -14.7566 1.14965
684 1.81263 -14.8286 1.15132
685 1.80999 -14.9007 1.15305
686 1.80735 -14.9728 1.15484
687 1.80472 -15.0451 1.15669
688 1.8021 -15.1175 1.15859
689 1.79948 -15.19 1.16054
690 1.79687 -15.2626 1.16255
691 1.79427 -15.3353 1.16461
692 1.79168 -15.4081 1.16673
693 1.78909 -15.481 1.16889
694 1.78652 -15.554 1.17111
695 1.78395 -15.6271 1.17338
696 1.78138 -15.7003 1.17569
697 1.77883 -15.7737 1.17806
698 1.77628 -15.8471 1.18047
699 1.77374 -15.9206 1.18293
700 1.7712 -15.9943 1.18544
701 1.76868 -16.068 1.18799
702 1.76616 -16.1418 1.19059
703 1.76364 -16.2158 1.19324
704 1.76114 -16.2899 1.19593
705 1.75864 -16.364 1.19866
706 1.75615 -16.4383 1.20144
707 1.75367 -16.5127 1.20426
708 1.75119 -16.5871 1.20712
709 1.74872 -16.6617 1.21002
710 1.74626 -16.7364 1.21297
711 1.7438 -16.8112 1.21595
712 1.74135 -16.8861 1.21898
713 1.73891 -16.9611 1.22204
714 1.73647 -17.0362 1.22514
715 1.73404 -17.1114 1.22829
716 1.73162 -17.1867 1.23147
717 1.72921 -17.2621 1.23469
718 1.7268 -17.3376 1.23794
719 1.7244 -17.4132 1.24124
720 1.722 -17.489 1.24457
721 1.71961 -17.5648 1.24793
722 1.71723 -17.6407 1.25134
723 1.71486 -17.7168 1.25477
724 1.71249 -17.7929 1.25825
725 1.71013 -17.8692 1.26175
726 1.70777 -17.9455 1.26529
727 1.70542 -18.022 1.26887
728 1.70308 -18.0986 1.27248
729 1.70074 -18.1752 1.27612
730 1.69841 -18.252 1.27979
731 1.69609 -18.3289 1.2835
732 1.69377 -18.4059 1.28724
733 1.69146 -18.483 1.29101
734 1.68916 -18.5602 1.29481
735 1.68686 -18.6375 1.29865
736 1.68457 -18.7149 1.30251
737 1.68228 -18.7924 1.30641
738 1.68 -18.87 1.31033
739 1.67773 -18.9477 1.31429
740 1.67546 -19.0255 1.31827
741 1.6732 -19.1034 1.32229
742 1.67095 -19.1815 1.32633
743 1.6687 -19.2596 1.33041
744 1.66645 -19.3378 1.33451
745 1.66422 -19.4162 1.33864
746 1.66199 -19.4946 1.3428
747 1.65976 -19.5732 1.34699
748 1.65754 -19.6518 1.3512
749 1.65533 -19.7306 1.35544
750 1.65312 -19.8094 1.35971
751 1.65092 -19.8884 1.36401
752 1.64873 -19.9675 1.36833
753 1.64654 -20.0467 1.37268
754 1.64435 -20.1259 1.37706
755 1.64217 -20.2053 1.38146
756 1.64 -20.2848 1.38589
757 1.63784 -20.3644 1.39035
758 1.63568 -20.4441 1.39483
759 1.63352 -20.5239 1.39934
760 1.63137 -20.6038 1.40387
761 1.62923 -20.6838 1.40843
762 1.62709 -20.7639 1.41301
763 1.62496 -20.8442 1.41761
764 1.62283 -20.9245 1.42225
765 1.62071 -21.0049 1.4269
766 1.61859 -21.0854 1.43158
767 1.61648 -21.1661 1.43629
768 1.61438 -21.2468 1.44102
769 1.61228 -21.3277 1.44577
770 1.61018 -21.4086 1.45054
771 1.6081 -21.4897 1.45534
772 1.60601 -21.5708 1.46017
773 1.60394 -21.6521 1.46501
774 1.60186 -21.7335 1.46988
775 1.5998 -21.8149 1.47478
776 1.59773 -21.8965 1.47969
777 1.59568 -21.9782 1.48463
778 1.59363 -22.06 1.48959
779 1.59158 -22.1419 1.49457
780 1.58954 -22.2239 1.49958
781 1.58751 -22.306 1.50461
782 1.58548 -22.3882 1.50966
783 1.58345 -22.4705 1.51473
784 1.58143 -22.5529 1.51983
785 1.57942 -22.6354 1.52494
786 1.57741 -22.718 1.53008
787 1.5754 -22.8008 1.53524
788 1.5734 -22.8836 1.54042
789 1.57141 -22.9665 1.54563
790 1.56942 -23.0496 1.55085
791 1.56744 -23.1327 1.5561
792 1.56546 -23.2159 1.56136
793 1.56348 -23.2993 1.56665
794 1.56151 -23.3828 1.57196
795 1.55955 -23.4663 1.57729
796 1.55759 -23.55 1.58264
797 1.55564 -23.6337 1.58801
798 1.55369 -23.7176 1.5934
799 1.55174 -23.8016 1.59882
800 1.5498 -23.8857 1.60425
801 1.54787 -23.9699 1.6097
802 1.54594 -24.0541 1.61518
803 1.54401 -24.1385 1.62067
804 1.54209 -24.223 1.62618
805 1.54018 -24.3076 1.63172
806 1.53827 -24.3923 1.63727
807 1.53636 -24.4772 1.64285
808 1.53446 -24.5621 1.64844
809 1.53256 -24.6471 1.65406
810 1.53067 -24.7322 1.65969
811 1.52878 -24.8174 1.66535
812 1.5269 -24.9028 1.67102
813 1.52502 -24.9882 1.67671
814 1.52315 -25.0737 1.68243
815 1.52128 -25.1594 1.68816
816 1.51941 -25.2451 1.69391
817 1.51755 -25.331 1.69968
818 1.5157 -25.4169 1.70547
819 1.51385 -25.503 1.71128
820 1.512 -25.5892 1.71711
821 1.51016 -25.6754 1.72296
822 1.50832 -25.7618 1.72883
823 1.50649 -25.8483 1.73472
824 1.50466 -25.9349 1.74062
825 1.50284 -26.0216 1.74655
826 1.50102 -26.1083 1.75249
827 1.4992 -26.1952 1.75846
828 1.49739 -26.2822 1.76444
829 1.49559 -26.3693 1.77044
830 1.49379 -26.4565 1.77646
831 1.49199 -26.5439 1.7825
832 1.49019 -26.6313 1.78856
833 1.48841 -26.7188 1.79463
834 1.48662 -26.8064 1.80073
835 1.48484 -26.8941 1.80684
836 1.48306 -26.982 1.81297
837 1.48129 -27.0699 1.81913
838 1.47952 -27.158 1.8253
839 1.47776 -27.2461 1.83148
840 1.476 -27.3343 1.83769
841 1.47425 -27.4227 1.84392
842 1.4725 -27.5112 1.85016
843 1.47075 -27.5997 1.85642
844 1.46901 -27.6884 1.8627
845 1.46727 -27.7771 1.869
846 1.46553 -27.866 1.87532
847 1.4638 -27.955 1.88165
848 1.46208 -28.0441 1.88801
849 1.46036 -28.1333 1.89438
850 1.45864 -28.2226 1.90077
851 1.45692 -28.3119 1.90718
852 1.45521 -28.4014 1.91361
853 1.45351 -28.491 1.92005
854 1.45181 -28.5808 1.92651
855 1.45011 -28.6706 1.93299
856 1.44841 -28.7605 1.93949
857 1.44672 -28.8505 1.94601
858 1.44504 -28.9406 1.95255
859 1.44335 -29.0308 1.9591
860 1.44168 -29.1212 1.96567
861 1.44 -29.2116 1.97226
862 1.43833 -29.3021 1.97887
863 1.43667 -29.3928 1.9855
864 1.435 -29.4835 1.99214
865 1.43334 -29.5744 1.9988
866 1.43169 -29.6653 2.00548
867 1.43004 -29.7564 2.01218
868 1.42839 -29.8476 2.0189
869 1.42675 -29.9388 2.02563
870 1.42511 -30.0302 2.03239
871 1.42347 -30.1217 2.03915
872 1.42184 -30.2132 2.04594
873 1.42021 -30.3049 2.05275
874 1.41858 -30.3967 2.05957
875 1.41696 -30.4886 2.06641
876 1.41534 -30.5806 2.07327
877 1.41373 -30.6727 2.08015
878 1.41212 -30.7649 2.08705
879 1.41051 -30.8572 2.09396
880 1.40891 -30.9496 2.10089
881 1.40731 -31.0421 2.10784
882 1.40572 -31.1347 2.1148
883 1.40412 -31.2275 2.12179
884 1.40254 -31.3203 2.12879
885 1.40095 -31.4132 2.13581
886 1.39937 -31.5063 2.14285
887 1.39779 -31.5994 2.1499
888 1.39622 -31.6926 2.15698
889 1.39465 -31.786 2.16407
890 1.39308 -31.8794 2.17118
891 1.39152 -31.973 2.17831
892 1.38996 -32.0666 2.18545
893 1.3884 -32.1604 2.19261
894 1.38685 -32.2543 2.19979
895 1.3853 -32.3482 2.20699
896 1.38375 -32.4423 2.21421
897 1.38221 -32.5365 2.22144
898 1.38067 -32.6308 2.22869
899 1.37913 -32.7252 2.23596
900 1.3776 -32.8196 2.24325
