200 6.19921 7.72874 5.64917
201 6.16837 7.70759 5.64991
202 6.13783 7.68633 5.65066
203 6.1076 7.66496 5.65141
204 6.07766 7.64349 5.65218
205 6.04801 7.62192 5.65295
206 6.01865 7.60024 5.65373
207 5.98957 7.57845 5.65451
208 5.96078 7.55656 5.65531
209 5.93226 7.53457 5.65611
210 5.90401 7.51247 5.65692
211 5.87603 7.49026 5.65773
212 5.84831 7.46795 5.65856
213 5.82085 7.44553 5.65939
214 5.79365 7.42301 5.66023
215 5.76671 7.40038 5.66108
216 5.74001 7.37765 5.66193
217 5.71356 7.35481 5.6628
218 5.68735 7.33187 5.66367
219 5.66138 7.30882 5.66455
220 5.63565 7.28567 5.66544
221 5.61014 7.26241 5.66633
222 5.58487 7.23905 5.66724
223 5.55983 7.21558 5.66815
224 5.53501 7.192 5.66907
225 5.51041 7.16832 5.67
226 5.48603 7.14454 5.67094
227 5.46186 7.12065 5.67188
228 5.4379 7.09665 5.67283
229 5.41416 7.07255 5.6738
230 5.39062 7.04835 5.67477
231 5.36728 7.02404 5.67575
232 5.34415 6.99962 5.67673
233 5.32121 6.9751 5.67773
234 5.29847 6.95048 5.67873
235 5.27592 6.92574 5.67975
236 5.25357 6.90091 5.68077
237 5.2314 6.87597 5.6818
238 5.20942 6.85092 5.68284
239 5.18762 6.82577 5.68389
240 5.16601 6.80051 5.68494
241 5.14457 6.77515 5.68601
242 5.12331 6.74968 5.68708
243 5.10223 6.72411 5.68817
244 5.08132 6.69843 5.68926
245 5.06058 6.67265 5.69036
246 5.04001 6.64676 5.69147
247 5.0196 6.62077 5.69259
248 4.99936 6.59467 5.69372
249 4.97928 6.56847 5.69486
250 4.95937 6.54216 5.696
251 4.93961 6.51575 5.69716
252 4.92001 6.48923 5.69832
253 4.90056 6.46261 5.6995
254 4.88127 6.43588 5.70068
255 4.86213 6.40905 5.70187
256 4.84313 6.38211 5.70308
257 4.82429 6.35507 5.70429
258 4.80559 6.32792 5.70551
259 4.78703 6.30067 5.70674
260 4.76862 6.27331 5.70798
261 4.75035 6.24584 5.70923
262 4.73222 6.21827 5.71049
263 4.71423 6.1906 5.71176
264 4.69637 6.16282 5.71303
265 4.67865 6.13494 5.71432
266 4.66106 6.10695 5.71562
267 4.6436 6.07886 5.71693
268 4.62628 6.05066 5.71824
269 4.60908 6.02235 5.71957
270 4.59201 5.99395 5.72091
271 4.57506 5.96543 5.72225
272 4.55824 5.93681 5.72361
273 4.54155 5.90809 5.72498
274 4.52497 5.87926 5.72635
275 4.50852 5.85033 5.72774
276 4.49218 5.82129 5.72913
277 4.47596 5.79215 5.73054
278 4.45986 5.7629 5.73195
279 4.44388 5.73354 5.73338
280 4.42801 5.70409 5.73481
281 4.41225 5.67452 5.73626
282 4.3966 5.64485 5.73771
283 4.38107 5.61508 5.73918
284 4.36564 5.5852 5.74066
285 4.35032 5.55522 5.74214
286 4.33511 5.52513 5.74364
287 4.32001 5.49494 5.74514
288 4.30501 5.46464 5.74666
289 4.29011 5.43424 5.74818
290 4.27532 5.40373 5.74972
291 4.26063 5.37312 5.75126
292 4.24603 5.3424 5.75282
293 4.23154 5.31158 5.75439
294 4.21715 5.28065 5.75596
295 4.20285 5.24962 5.75755
296 4.18866 5.21848 5.75914
297 4.17455 5.18724 5.76075
298 4.16054 5.15589 5.76236
299 4.14663 5.12444 5.76399
300 4.13281 5.09288 5.76562
301 4.11908 5.06122 5.76727
302 4.10544 5.02946 5.76892
303 4.09189 4.99759 5.77059
304 4.07843 4.96561 5.77226
305 4.06506 4.93353 5.77395
306 4.05177 4.90134 5.77564
307 4.03857 4.86905 5.77734
308 4.02546 4.83666 5.77905
309 4.01243 4.80416 5.78077
310 3.99949 4.77155 5.7825
311 3.98663 4.73885 5.78424
312 3.97385 4.70603 5.78599
313 3.96116 4.67311 5.78774
314 3.94854 4.64009 5.78951
315 3.93601 4.60696 5.79128
316 3.92355 4.57373 5.79306
317 3.91117 4.54039 5.79485
318 3.89887 4.50694 5.79665
319 3.88665 4.4734 5.79846
320 3.87451 4.43974 5.80027
321 3.86244 4.40599 5.80209
322 3.85044 4.37213 5.80392
323 3.83852 4.33816 5.80575
324 3.82667 4.30409 5.80759
325 3.8149 4.26991 5.80944
326 3.8032 4.23563 5.81129
327 3.79157 4.20125 5.81315
328 3.78001 4.16675 5.81502
329 3.76852 4.13216 5.81688
330 3.7571 4.09746 5.81876
331 3.74575 4.06266 5.82064
332 3.73446 4.02775 5.82252
333 3.72325 3.99273 5.8244
334 3.7121 3.95762 5.82629
335 3.70102 3.92239 5.82819
336 3.69001 3.88706 5.83008
337 3.67906 3.85163 5.83197
338 3.66817 3.8161 5.83387
339 3.65735 3.78045 5.83577
340 3.64659 3.74471 5.83766
341 3.6359 3.70886 5.83956
342 3.62527 3.6729 5.84145
343 3.6147 3.63684 5.84335
344 3.60419 3.60068 5.84524
345 3.59374 3.56441 5.84712
346 3.58336 3.52803 5.84901
347 3.57303 3.49155 5.85088
348 3.56276 3.45497 5.85275
349 3.55256 3.41828 5.85462
350 3.54241 3.38149 5.85647
351 3.53231 3.34459 5.85832
352 3.52228 3.30759 5.86016
353 3.5123 3.27049 5.86199
354 3.50238 3.23328 5.8638
355 3.49251 3.19596 5.86561
356 3.4827 3.15854 5.86739
357 3.47295 3.12102 5.86917
358 3.46325 3.08339 5.87092
359 3.4536 3.04566 5.87266
360 3.44401 3.00782 5.87438
361 3.43447 2.96988 5.87608
362 3.42498 2.93183 5.87775
363 3.41554 2.89368 5.87941
364 3.40616 2.85542 5.88103
365 3.39683 2.81706 5.88263
366 3.38755 2.7786 5.8842
367 3.37832 2.74003 5.88574
368 3.36914 2.70135 5.88725
369 3.36001 2.66258 5.88872
370 3.35092 2.62369 5.89015
371 3.34189 2.58471 5.89155
372 3.33291 2.54562 5.8929
373 3.32397 2.50642 5.89421
374 3.31509 2.46712 5.89548
375 3.30625 2.42771 5.8967
376 3.29745 2.38821 5.89787
377 3.28871 2.34859 5.89898
378 3.28001 2.30887 5.90004
379 3.27135 2.26905 5.90105
380 3.26274 2.22912 5.90199
381 3.25418 2.18909 5.90286
382 3.24566 2.14896 5.90367
383 3.23719 2.10872 5.90441
384 3.22876 2.06837 5.90508
385 3.22037 2.02793 5.90567
386 3.21203 1.98737 5.90618
387 3.20373 1.94671 5.9066
388 3.19547 1.90595 5.90694
389 3.18725 1.86509 5.90719
390 3.17908 1.82412 5.90735
391 3.17095 1.78304 5.9074
392 3.16286 1.74186 5.90736
393 3.15481 1.70058 5.9072
394 3.14681 1.65919 5.90694
395 3.13884 1.6177 5.90656
396 3.13091 1.5761 5.90606
397 3.12303 1.5344 5.90544
398 3.11518 1.4926 5.90469
399 3.10737 1.45069 5.90381
400 3.0996 1.40868 5.90279
401 3.09188 1.36656 5.90162
402 3.08418 1.32434 5.90031
403 3.07653 1.28201 5.89884
404 3.06892 1.23958 5.89722
405 3.06134 1.19705 5.89543
406 3.0538 1.15441 5.89347
407 3.04629 1.11167 5.89134
408 3.03883 1.06882 5.88902
409 3.0314 1.02587 5.88652
410 3.024 0.982812 5.88383
411 3.01665 0.939652 5.88093
412 3.00933 0.896388 5.87783
413 3.00204 0.853021 5.87452
414 2.99479 0.809548 5.871
415 2.98757 0.765972 5.86725
416 2.98039 0.722292 5.86326
417 2.97324 0.678507 5.85904
418 2.96613 0.634618 5.85458
419 2.95905 0.590625 5.84987
420 2.952 0.546529 5.8449
421 2.94499 0.502327 5.83967
422 2.93801 0.458022 5.83416
423 2.93107 0.413613 5.82838
424 2.92416 0.3691 5.82231
425 2.91728 0.324482 5.81595
426 2.91043 0.279761 5.80929
427 2.90361 0.234935 5.80233
428 2.89683 0.190005 5.79505
429 2.89007 0.144972 5.78746
430 2.88335 0.0998338 5.77953
431 2.87666 0.054592 5.77127
432 2.87 0.00924612 5.76268
433 2.86338 -0.0362038 5.75373
434 2.85678 -0.0817577 5.74443
435 2.85021 -0.127416 5.73476
436 2.84367 -0.173177 5.72473
437 2.83717 -0.219043 5.71432
438 2.83069 -0.265013 5.70354
439 2.82424 -0.311087 5.69236
440 2.81782 -0.357265 5.68079
441 2.81143 -0.403547 5.66882
442 2.80507 -0.449933 5.65644
443 2.79874 -0.496422 5.64365
444 2.79244 -0.543016 5.63044
445 2.78616 -0.589714 5.61681
446 2.77991 -0.636515 5.60275
447 2.7737 -0.683421 5.58825
448 2.7675 -0.73043 5.57332
449 2.76134 -0.777543 5.55795
450 2.7552 -0.824761 5.54212
451 2.7491 -0.872082 5.52585
452 2.74301 -0.919507 5.50912
453 2.73696 -0.967036 5.49194
454 2.73093 -1.01467 5.4743
455 2.72493 -1.0624 5.45619
456 2.71895 -1.11025 5.43761
457 2.713 -1.15819 5.41858
458 2.70708 -1.20624 5.39907
459 2.70118 -1.25439 5.37909
460 2.69531 -1.30265 5.35864
461 2.68946 -1.351 5.33773
462 2.68364 -1.39947 5.31634
463 2.67784 -1.44804 5.29449
464 2.67207 -1.49671 5.27217
465 2.66633 -1.54548 5.24939
466 2.6606 -1.59436 5.22614
467 2.65491 -1.64334 5.20243
468 2.64923 -1.69243 5.17826
469 2.64359 -1.74162 5.15365
470 2.63796 -1.79091 5.12858
471 2.63236 -1.84031 5.10307
472 2.62678 -1.88981 5.07713
473 2.62123 -1.93941 5.05075
474 2.6157 -1.98912 5.02394
475 2.61019 -2.03894 4.99672
476 2.60471 -2.08885 4.96909
477 2.59925 -2.13887 4.94105
478 2.59381 -2.18899 4.91262
479 2.5884 -2.23922 4.88381
480 2.583 -2.28955 4.85462
481 2.57763 -2.33999 4.82506
482 2.57229 -2.39052 4.79515
483 2.56696 -2.44117 4.76489
484 2.56166 -2.49191 4.73431
485 2.55638 -2.54276 4.7034
486 2.55112 -2.59371 4.67218
487 2.54588 -2.64477 4.64067
488 2.54066 -2.69593 4.60888
489 2.53546 -2.74719 4.57682
490 2.53029 -2.79856 4.5445
491 2.52514 -2.85003 4.51194
492 2.52 -2.9016 4.47916
493 2.51489 -2.95328 4.44616
494 2.5098 -3.00506 4.41297
495 2.50473 -3.05694 4.3796
496 2.49968 -3.10893 4.34606
497 2.49465 -3.16102 4.31237
498 2.48964 -3.21322 4.27854
499 2.48465 -3.26552 4.2446
500 2.47968 -3.31792 4.21055
501 2.47473 -3.37043 4.17642
502 2.4698 -3.42303 4.14222
503 2.46489 -3.47575 4.10796
504 2.46 -3.52856 4.07366
505 2.45513 -3.58148 4.03935
506 2.45028 -3.63451 4.00502
507 2.44545 -3.68763 3.9707
508 2.44063 -3.74086 3.93641
509 2.43584 -3.79419 3.90216
510 2.43106 -3.84763 3.86797
511 2.42631 -3.90117 3.83385
512 2.42157 -3.95481 3.79982
513 2.41685 -4.00856 3.76588
514 2.41214 -4.06241 3.73207
515 2.40746 -4.11637 3.69838
516 2.40279 -4.17042 3.66484
517 2.39815 -4.22458 3.63146
518 2.39352 -4.27885 3.59825
519 2.38891 -4.33321 3.56523
520 2.38431 -4.38768 3.5324
521 2.37973 -4.44226 3.49979
522 2.37518 -4.49693 3.4674
523 2.37063 -4.55171 3.43524
524 2.36611 -4.6066 3.40333
525 2.3616 -4.66158 3.37167
526 2.35711 -4.71667 3.34028
527 2.35264 -4.77187 3.30917
528 2.34819 -4.82716 3.27835
529 2.34375 -4.88256 3.24782
530 2.33932 -4.93807 3.2176
531 2.33492 -4.99367 3.18769
532 2.33053 -5.04938 3.15811
533 2.32616 -5.1052 3.12885
534 2.3218 -5.16111 3.09993
535 2.31746 -5.21713 3.07135
536 2.31314 -5.27325 3.04312
537 2.30883 -5.32948 3.01525
538 2.30454 -5.38581 2.98774
539 2.30026 -5.44224 2.96059
540 2.296 -5.49877 2.93382
541 2.29176 -5.55541 2.90742
542 2.28753 -5.61215 2.88139
543 2.28332 -5.669 2.85575
544 2.27912 -5.72595 2.8305
545 2.27494 -5.783 2.80563
546 2.27077 -5.84015 2.78116
547 2.26662 -5.89741 2.75707
548 2.26249 -5.95477 2.73339
549 2.25836 -6.01223 2.71009
550 2.25426 -6.0698 2.6872
551 2.25017 -6.12746 2.6647
552 2.24609 -6.18524 2.6426
553 2.24203 -6.24311 2.6209
554 2.23798 -6.30109 2.5996
555 2.23395 -6.35917 2.5787
556 2.22993 -6.41735 2.55819
557 2.22593 -6.47564 2.53808
558 2.22194 -6.53403 2.51837
559 2.21796 -6.59252 2.49905
560 2.214 -6.65112 2.48012
561 2.21006 -6.70982 2.46159
562 2.20612 -6.76862 2.44345
563 2.20221 -6.82753 2.42569
564 2.1983 -6.88653 2.40832
565 2.19441 -6.94564 2.39133
566 2.19053 -7.00486 2.37472
567 2.18667 -7.06417 2.35849
568 2.18282 -7.12359 2.34263
569 2.17898 -7.18312 2.32715
570 2.17516 -7.24274 2.31203
571 2.17135 -7.30247 2.29728
572 2.16756 -7.3623 2.28289
573 2.16377 -7.42223 2.26886
574 2.16 -7.48227 2.25519
575 2.15625 -7.54241 2.24186
576 2.1525 -7.60265 2.22889
577 2.14877 -7.663 2.21626
578 2.14506 -7.72344 2.20397
579 2.14135 -7.78399 2.19202
580 2.13766 -7.84465 2.1804
581 2.13398 -7.9054 2.16911
582 2.13031 -7.96626 2.15815
583 2.12666 -8.02722 2.1475
584 2.12302 -8.08829 2.13718
585 2.11939 -8.14946 2.12717
586 2.11577 -8.21073 2.11746
587 2.11217 -8.2721 2.10806
588 2.10857 -8.33357 2.09897
589 2.10499 -8.39515 2.09017
590 2.10143 -8.45683 2.08166
591 2.09787 -8.51861 2.07344
592 2.09433 -8.5805 2.06551
593 2.0908 -8.64249 2.05786
594 2.08728 -8.70458 2.05049
595 2.08377 -8.76677 2.04339
596 2.08027 -8.82907 2.03656
597 2.07679 -8.89147 2.02999
598 2.07331 -8.95397 2.02368
599 2.06985 -9.01657 2.01764
600 2.0664 -9.07928 2.01184
601 2.06296 -9.14209 2.0063
602 2.05954 -9.205 2.001
603 2.05612 -9.26802 1.99594
604 2.05272 -9.33113 1.99113
605 2.04933 -9.39435 1.98654
606 2.04594 -9.45767 1.98219
607 2.04257 -9.5211 1.97807
608 2.03921 -9.58462 1.97417
609 2.03587 -9.64825 1.97049
610 2.03253 -9.71199 1.96703
611 2.0292 -9.77582 1.96378
612 2.02589 -9.83976 1.96074
613 2.02258 -9.9038 1.9579
614 2.01929 -9.96794 1.95528
615 2.016 -10.0322 1.95285
616 2.01273 -10.0965 1.95061
617 2.00947 -10.161 1.94858
618 2.00622 -10.2255 1.94673
619 2.00298 -10.2902 1.94507
620 1.99975 -10.3549 1.94359
621 1.99652 -10.4198 1.9423
622 1.99332 -10.4848 1.94119
623 1.99012 -10.5498 1.94025
624 1.98693 -10.615 1.93948
625 1.98375 -10.6803 1.93889
626 1.98058 -10.7456 1.93846
627 1.97742 -10.8111 1.93819
628 1.97427 -10.8767 1.93809
629 1.97113 -10.9423 1.93815
630 1.968 -11.0081 1.93836
631 1.96488 -11.074 1.93873
632 1.96178 -11.14 1.93925
633 1.95868 -11.2061 1.93992
634 1.95559 -11.2723 1.94074
635 1.95251 -11.3386 1.9417
636 1.94944 -11.4049 1.9428
637 1.94638 -11.4714 1.94404
638 1.94333 -11.538 1.94542
639 1.94028 -11.6047 1.94694
640 1.93725 -11.6715 1.94859
641 1.93423 -11.7384 1.95037
642 1.93122 -11.8054 1.95228
643 1.92821 -11.8726 1.95432
644 1.92522 -11.9398 1.95648
645 1.92224 -12.0071 1.95877
646 1.91926 -12.0745 1.96117
647 1.91629 -12.142 1.9637
648 1.91334 -12.2096 1.96635
649 1.91039 -12.2773 1.96911
650 1.90745 -12.3452 1.97198
651 1.90452 -12.4131 1.97497
652 1.9016 -12.4811 1.97806
653 1.89869 -12.5492 1.98127
654 1.89578 -12.6175 1.98458
655 1.89289 -12.6858 1.988
656 1.89 -12.7542 1.99153
657 1.88713 -12.8228 1.99515
658 1.88426 -12.8914 1.99888
659 1.8814 -12.9602 2.00271
660 1.87855 -13.029 2.00663
661 1.87571 -13.0979 2.01065
662 1.87287 -13.167 2.01477
663 1.87005 -13.2361 2.01898
664 1.86723 -13.3054 2.02328
665 1.86442 -13.3747 2.02768
666 1.86162 -13.4442 2.03216
667 1.85883 -13.5137 2.03674
668 1.85605 -13.5834 2.0414
669 1.85328 -13.6532 2.04614
670 1.85051 -13.723 2.05098
671 1.84775 -13.793 2.05589
672 1.845 -13.8631 2.06089
673 1.84226 -13.9332 2.06597
674 1.83953 -14.0035 2.07114
675 1.8368 -14.0739 2.07638
676 1.83409 -14.1443 2.0817
677 1.83138 -14.2149 2.0871
678 1.82868 -14.2856 2.09257
679 1.82598 -14.3564 2.09812
680 1.8233 -14.4272 2.10375
681 1.82062 -14.4982 2.10945
682 1.81795 -14.5693 2.11522
683 1.81529 -14.6405 2.12106
684 1.81263 -14.7118 2.12698
685 1.80999 -14.7832 2.13296
686 1.80735 -14.8546 2.13902
687 1.80472 -14.9262 2.14514
688 1.8021 -14.9979 2.15133
689 1.79948 -15.0697 2.15759
690 1.79687 -15.1416 2.16391
691 1.79427 -15.2136 2.1703
692 1.79168 -15.2857 2.17675
693 1.78909 -15.3579 2.18327
694 1.78652 -15.4302 2.18985
695 1.78395 -15.5026 2.19649
696 1.78138 -15.5751 2.2032
697 1.77883 -15.6477 2.20997
698 1.77628 -15.7204 2.21679
699 1.77374 -15.7932 2.22368
700 1.7712 -15.8661 2.23063
701 1.76868 -15.9392 2.23763
702 1.76616 -16.0123 2.2447
703 1.76364 -16.0855 2.25182
704 1.76114 -16.1588 2.25899
705 1.75864 -16.2322 2.26623
706 1.75615 -16.3057 2.27352
707 1.75367 -16.3794 2.28086
708 1.75119 -16.4531 2.28826
709 1.74872 -16.5269 2.29572
710 1.74626 -16.6008 2.30323
711 1.7438 -16.6749 2.31079
712 1.74135 -16.749 2.3184
713 1.73891 -16.8232 2.32607
714 1.73647 -16.8975 2.33379
715 1.73404 -16.972 2.34156
716 1.73162 -17.0465 2.34938
717 1.72921 -17.1211 2.35725
718 1.7268 -17.1959 2.36517
719 1.7244 -17.2707 2.37314
720 1.722 -17.3457 2.38116
721 1.71961 -17.4207 2.38923
722 1.71723 -17.4958 2.39735
723 1.71486 -17.5711 2.40552
724 1.71249 -17.6464 2.41373
725 1.71013 -17.7219 2.42199
726 1.70777 -17.7974 2.4303
727 1.70542 -17.8731 2.43866
728 1.70308 -17.9488 2.44706
729 1.70074 -18.0247 2.45551
730 1.69841 -18.1006 2.464
731 1.69609 -18.1767 2.47254
732 1.69377 -18.2528 2.48113
733 1.69146 -18.3291 2.48976
734 1.68916 -18.4054 2.49843
735 1.68686 -18.4819 2.50715
736 1.68457 -18.5584 2.51591
737 1.68228 -18.6351 2.52471
738 1.68 -18.7118 2.53356
739 1.67773 -18.7887 2.54246
740 1.67546 -18.8657 2.55139
741 1.6732 -18.9427 2.56037
742 1.67095 -19.0199 2.56939
743 1.6687 -19.0971 2.57845
744 1.66645 -19.1745 2.58756
745 1.66422 -19.252 2.5967
746 1.66199 -19.3295 2.60589
747 1.65976 -19.4072 2.61512
748 1.65754 -19.485 2.62439
749 1.65533 -19.5628 2.6337
750 1.65312 -19.6408 2.64305
751 1.65092 -19.7189 2.65244
752 1.64873 -19.7971 2.66187
753 1.64654 -19.8753 2.67134
754 1.64435 -19.9537 2.68085
755 1.64217 -20.0322 2.69041
756 1.64 -20.1108 2.7
757 1.63784 -20.1894 2.70963
758 1.63568 -20.2682 2.71929
759 1.63352 -20.3471 2.729
760 1.63137 -20.4261 2.73875
761 1.62923 -20.5051 2.74853
762 1.62709 -20.5843 2.75836
763 1.62496 -20.6636 2.76822
764 1.62283 -20.743 2.77812
765 1.62071 -20.8225 2.78806
766 1.61859 -20.9021 2.79803
767 1.61648 -20.9817 2.80805
768 1.61438 -21.0615 2.8181
769 1.61228 -21.1414 2.82819
770 1.61018 -21.2214 2.83831
771 1.6081 -21.3015 2.84847
772 1.60601 -21.3817 2.85867
773 1.60394 -21.4619 2.86891
774 1.60186 -21.5423 2.87919
775 1.5998 -21.6228 2.8895
776 1.59773 -21.7034 2.89984
777 1.59568 -21.7841 2.91023
778 1.59363 -21.8649 2.92065
779 1.59158 -21.9458 2.9311
780 1.58954 -22.0268 2.94159
781 1.58751 -22.1079 2.95212
782 1.58548 -22.1891 2.96269
783 1.58345 -22.2703 2.97329
784 1.58143 -22.3517 2.98392
785 1.57942 -22.4332 2.99459
786 1.57741 -22.5148 3.0053
787 1.5754 -22.5965 3.01604
788 1.5734 -22.6783 3.02682
789 1.57141 -22.7602 3.03764
790 1.56942 -22.8422 3.04848
791 1.56744 -22.9243 3.05937
792 1.56546 -23.0065 3.07029
793 1.56348 -23.0888 3.08124
794 1.56151 -23.1712 3.09223
795 1.55955 -23.2537 3.10325
796 1.55759 -23.3363 3.11431
797 1.55564 -23.419 3.12541
798 1.55369 -23.5018 3.13653
799 1.55174 -23.5847 3.1477
800 1.5498 -23.6677 3.15889
801 1.54787 -23.7508 3.17013
802 1.54594 -23.834 3.18139
803 1.54401 -23.9173 3.19269
804 1.54209 -24.0007 3.20403
805 1.54018 -24.0842 3.2154
806 1.53827 -24.1678 3.2268
807 1.53636 -24.2515 3.23824
808 1.53446 -24.3353 3.24971
809 1.53256 -24.4192 3.26122
810 1.53067 -24.5032 3.27276
811 1.52878 -24.5873 3.28433
812 1.5269 -24.6715 3.29594
813 1.52502 -24.7558 3.30758
814 1.52315 -24.8402 3.31926
815 1.52128 -24.9247 3.33097
816 1.51941 -25.0093 3.34271
817 1.51755 -25.094 3.35449
818 1.5157 -25.1788 3.3663
819 1.51385 -25.2637 3.37814
820 1.512 -25.3487 3.39002
821 1.51016 -25.4338 3.40193
822 1.50832 -25.519 3.41388
823 1.50649 -25.6043 3.42585
824 1.50466 -25.6897 3.43787
825 1.50284 -25.7752 3.44991
826 1.50102 -25.8608 3.46199
827 1.4992 -25.9465 3.4741
828 1.49739 -26.0323 3.48625
829 1.49559 -26.1182 3.49843
830 1.49379 -26.2042 3.51064
831 1.49199 -26.2903 3.52289
832 1.49019 -26.3765 3.53517
833 1.48841 -26.4628 3.54748
834 1.48662 -26.5492 3.55983
835 1.48484 -26.6357 3.57221
836 1.48306 -26.7223 3.58462
837 1.48129 -26.809 3.59707
838 1.47952 -26.8958 3.60955
839 1.47776 -26.9827 3.62206
840 1.476 -27.0697 3.6346
841 1.47425 -27.1568 3.64718
842 1.4725 -27.244 3.6598
843 1.47075 -27.3313 3.67244
844 1.46901 -27.4187 3.68512
845 1.46727 -27.5061 3.69783
846 1.46553 -27.5937 3.71057
847 1.4638 -27.6814 3.72335
848 1.46208 -27.7692 3.73616
849 1.46036 -27.8571 3.74901
850 1.45864 -27.9451 3.76188
851 1.45692 -28.0332 3.77479
852 1.45521 -28.1214 3.78774
853 1.45351 -28.2097 3.80071
854 1.45181 -28.2981 3.81372
855 1.45011 -28.3866 3.82677
856 1.44841 -28.4752 3.83984
857 1.44672 -28.5639 3.85295
858 1.44504 -28.6527 3.86609
859 1.44335 -28.7415 3.87927
860 1.44168 -28.8305 3.89247
861 1.44 -28.9196 3.90571
862 1.43833 -29.0088 3.91899
863 1.43667 -29.0981 3.9323
864 1.435 -29.1875 3.94564
865 1.43334 -29.277 3.95901
866 1.43169 -29.3666 3.97241
867 1.43004 -29.4562 3.98585
868 1.42839 -29.546 3.99933
869 1.42675 -29.6359 4.01283
870 1.42511 -29.7259 4.02637
871 1.42347 -29.816 4.03994
872 1.42184 -29.9061 4.05355
873 1.42021 -29.9964 4.06718
874 1.41858 -30.0868 4.08085
875 1.41696 -30.1773 4.09456
876 1.41534 -30.2679 4.10829
877 1.41373 -30.3585 4.12207
878 1.41212 -30.4493 4.13587
879 1.41051 -30.5402 4.1497
880 1.40891 -30.6312 4.16357
881 1.40731 -30.7222 4.17748
882 1.40572 -30.8134 4.19141
883 1.40412 -30.9047 4.20538
884 1.40254 -30.9961 4.21938
885 1.40095 -31.0875 4.23342
886 1.39937 -31.1791 4.24749
887 1.39779 -31.2708 4.26159
888 1.39622 -31.3625 4.27572
889 1.39465 -31.4544 4.28989
890 1.39308 -31.5464 4.30409
891 1.39152 -31.6384 4.31833
892 1.38996 -31.7306 4.3326
893 1.3884 -31.8229 4.3469
894 1.38685 -31.9152 4.36123
895 1.3853 -32.0077 4.3756
896 1.38375 -32.1002 4.39
897 1.38221 -32.1929 4.40444
898 1.38067 -32.2856 4.4189
899 1.37913 -32.3785 4.4334
900 1.3776 -32.4715 4.44794
