200 6.19921 279.028
201 6.16837 278.955
202 6.13783 278.948
203 6.1076 279.331
204 6.07766 280.372
205 6.04801 281.973
206 6.01865 283.838
207 5.98957 285.671
208 5.96078 287.188
209 5.93226 288.329
210 5.90401 289.146
211 5.87603 289.729
212 5.84831 290.168
213 5.82085 290.549
214 5.79365 290.917
215 5.76671 291.307
216 5.74001 291.742
217 5.71356 292.241
218 5.68735 292.743
219 5.66138 293.148
220 5.63565 293.363
221 5.61014 293.295
222 5.58487 292.868
223 5.55983 292.169
224 5.53501 291.421
225 5.51041 290.826
226 5.48603 290.574
227 5.46186 290.811
228 5.4379 291.419
229 5.41416 292.143
230 5.39062 292.738
231 5.36728 292.957
232 5.34415 292.603
233 5.32121 291.724
234 5.29847 290.527
235 5.27592 289.222
236 5.25357 288.011
237 5.2314 287.064
238 5.20942 286.505
239 5.18762 286.26
240 5.16601 286.208
241 5.14457 286.223
242 5.12331 286.177
243 5.10223 285.958
244 5.08132 285.534
245 5.06058 284.965
246 5.04001 284.333
247 5.0196 283.708
248 4.99936 283.155
249 4.97928 282.76
250 4.95937 282.533
251 4.93961 282.423
252 4.92001 282.357
253 4.90056 282.245
254 4.88127 282.018
255 4.86213 281.587
256 4.84313 280.925
257 4.82429 280.02
258 4.80559 278.933
259 4.78703 277.701
260 4.76862 276.371
261 4.75035 274.984
262 4.73222 273.583
263 4.71423 272.175
264 4.69637 270.733
265 4.67865 269.239
266 4.66106 267.655
267 4.6436 265.97
268 4.62628 264.15
269 4.60908 262.182
270 4.59201 260.063
271 4.57506 257.812
272 4.55824 255.491
273 4.54155 253.119
274 4.52497 250.747
275 4.50852 248.403
276 4.49218 246.12
277 4.47596 243.922
278 4.45986 241.823
279 4.44388 239.829
280 4.42801 237.939
281 4.41225 236.16
282 4.3966 234.501
283 4.38107 232.952
284 4.36564 231.52
285 4.35032 230.215
286 4.33511 228.999
287 4.32001 227.837
288 4.30501 226.694
289 4.29011 225.53
290 4.27532 224.316
291 4.26063 223.026
292 4.24603 221.624
293 4.23154 220.082
294 4.21715 218.434
295 4.20285 216.727
296 4.18866 215.008
297 4.17455 213.321
298 4.16054 211.713
299 4.14663 210.221
300 4.13281 208.877
301 4.11908 207.713
302 4.10544 206.744
303 4.09189 205.94
304 4.07843 205.273
305 4.06506 204.689
306 4.05177 204.153
307 4.03857 203.63
308 4.02546 203.087
309 4.01243 202.494
310 3.99949 201.821
311 3.98663 201.04
312 3.97385 200.15
313 3.96116 199.186
314 3.94854 198.192
315 3.93601 197.209
316 3.92355 196.278
317 3.91117 195.433
318 3.89887 194.71
319 3.88665 194.139
320 3.87451 193.753
321 3.86244 193.574
322 3.85044 193.595
323 3.83852 193.775
324 3.82667 194.078
325 3.8149 194.465
326 3.8032 194.905
327 3.79157 195.36
328 3.78001 195.795
329 3.76852 196.178
330 3.7571 196.476
331 3.74575 196.651
332 3.73446 196.672
333 3.72325 196.534
334 3.7121 196.255
335 3.70102 195.848
336 3.69001 195.33
337 3.67906 194.714
338 3.66817 194.015
339 3.65735 193.248
340 3.64659 192.424
341 3.6359 191.557
342 3.62527 190.66
343 3.6147 189.74
344 3.60419 188.812
345 3.59374 187.885
346 3.58336 186.968
347 3.57303 186.068
348 3.56276 185.192
349 3.55256 184.347
350 3.54241 183.539
351 3.53231 182.784
352 3.52228 182.081
353 3.5123 181.434
354 3.50238 180.847
355 3.49251 180.324
356 3.4827 179.864
357 3.47295 179.473
358 3.46325 179.132
359 3.4536 178.833
360 3.44401 178.573
361 3.43447 178.346
362 3.42498 178.155
363 3.41554 177.988
364 3.40616 177.839
365 3.39683 177.704
366 3.38755 177.58
367 3.37832 177.466
368 3.36914 177.351
369 3.36001 177.235
370 3.35092 177.114
371 3.34189 176.982
372 3.33291 176.836
373 3.32397 176.675
374 3.31509 176.498
375 3.30625 176.29
376 3.29745 176.058
377 3.28871 175.801
378 3.28001 175.517
379 3.27135 175.188
380 3.26274 174.828
381 3.25418 174.435
382 3.24566 173.998
383 3.23719 173.521
384 3.22876 173.018
385 3.22037 172.492
386 3.21203 171.939
387 3.20373 171.376
388 3.19547 170.805
389 3.18725 170.228
390 3.17908 169.654
391 3.17095 169.084
392 3.16286 168.525
393 3.15481 167.981
394 3.14681 167.451
395 3.13884 166.947
396 3.13091 166.469
397 3.12303 166.013
398 3.11518 165.595
399 3.10737 165.206
400 3.0996 164.836
401 3.09188 164.499
402 3.08418 164.176
403 3.07653 163.866
404 3.06892 163.573
405 3.06134 163.285
406 3.0538 163.002
407 3.04629 162.721
408 3.03883 162.439
409 3.0314 162.153
410 3.024 161.858
411 3.01665 161.559
412 3.00933 161.239
413 3.00204 160.91
414 2.99479 160.565
415 2.98757 160.203
416 2.98039 159.835
417 2.97324 159.457
418 2.96613 159.079
419 2.95905 158.703
420 2.952 158.336
421 2.94499 157.974
422 2.93801 157.634
423 2.93107 157.306
424 2.92416 157.001
425 2.91728 156.722
426 2.91043 156.461
427 2.90361 156.246
428 2.89683 156.045
429 2.89007 155.903
430 2.88335 155.783
431 2.87666 155.714
432 2.87 155.681
433 2.86338 155.683
434 2.85678 155.726
435 2.85021 155.787
436 2.84367 155.889
437 2.83717 155.999
438 2.83069 156.14
439 2.82424 156.288
440 2.81782 156.453
441 2.81143 156.622
442 2.80507 156.799
443 2.79874 156.975
444 2.79244 157.152
445 2.78616 157.321
446 2.77991 157.487
447 2.7737 157.635
448 2.7675 157.777
449 2.76134 157.891
450 2.7552 157.997
451 2.7491 158.065
452 2.74301 158.124
453 2.73696 158.151
454 2.73093 158.173
455 2.72493 158.176
456 2.71895 158.176
457 2.713 158.174
458 2.70708 158.173
459 2.70118 158.184
460 2.69531 158.198
461 2.68946 158.238
462 2.68364 158.284
463 2.67784 158.37
464 2.67207 158.467
465 2.66633 158.613
466 2.6606 158.779
467 2.65491 158.999
468 2.64923 159.251
469 2.64359 159.558
470 2.63796 159.915
471 2.63236 160.323
472 2.62678 160.804
473 2.62123 161.323
474 2.6157 161.942
475 2.61019 162.581
476 2.60471 163.351
477 2.59925 164.133
478 2.59381 165.056
479 2.5884 166.006
480 2.583 167.081
481 2.57763 168.22
482 2.57229 169.46
483 2.56696 170.809
484 2.56166 172.228
485 2.55638 173.808
486 2.55112 175.425
487 2.54588 177.264
488 2.54066 179.152
489 2.53546 181.226
490 2.53029 183.418
491 2.52514 185.751
492 2.52 188.286
493 2.51489 190.905
494 2.5098 193.827
495 2.50473 196.834
496 2.49968 200.11
497 2.49465 203.56
498 2.48964 207.189
499 2.48465 211.086
500 2.47968 215.096
501 2.47473 219.383
502 2.4698 223.801
503 2.46489 228.397
504 2.46 233.168
505 2.45513 238.052
506 2.45028 243.082
507 2.44545 248.201
508 2.44063 253.374
509 2.43584 258.584
510 2.43106 263.814
511 2.42631 268.934
512 2.42157 274.02
513 2.41685 278.896
514 2.41214 283.554
515 2.40746 288.03
516 2.40279 291.946
517 2.39815 295.587
518 2.39352 298.676
519 2.38891 301.136
520 2.38431 303.17
521 2.37973 304.212
522 2.37518 304.692
523 2.37063 304.496
524 2.36611 303.351
525 2.3616 301.676
526 2.35711 299.181
527 2.35264 296.013
528 2.34819 292.37
529 2.34375 287.943
530 2.33932 283.112
531 2.33492 277.86
532 2.33053 272.113
533 2.32616 266.117
534 2.3218 259.827
535 2.31746 253.314
536 2.31314 246.692
537 2.30883 239.925
538 2.30454 233.113
539 2.30026 226.304
540 2.296 219.5
541 2.29176 212.759
542 2.28753 206.102
543 2.28332 199.552
544 2.27912 193.121
545 2.27494 186.824
546 2.27077 180.677
547 2.26662 174.674
548 2.26249 168.835
549 2.25836 163.163
550 2.25426 157.644
551 2.25017 152.285
552 2.24609 147.083
553 2.24203 142.033
554 2.23798 137.138
555 2.23395 132.395
556 2.22993 127.801
557 2.22593 123.352
558 2.22194 119.047
559 2.21796 114.883
560 2.214 110.852
561 2.21006 106.954
562 2.20612 103.19
563 2.20221 99.5501
564 2.1983 96.034
565 2.19441 92.6427
566 2.19053 89.3703
567 2.18667 86.2131
568 2.18282 83.171
569 2.17898 80.2358
570 2.17516 77.4033
571 2.17135 74.6768
572 2.16756 72.0511
573 2.16377 69.5226
574 2.16 67.09
575 2.15625 64.7493
576 2.1525 62.495
577 2.14877 60.3273
578 2.14506 58.2428
579 2.14135 56.2408
580 2.13766 54.3163
581 2.13398 52.4668
582 2.13031 50.6937
583 2.12666 48.9919
584 2.12302 47.3561
585 2.11939 45.7861
586 2.11577 44.2802
587 2.11217 42.8328
588 2.10857 41.4426
589 2.10499 40.1122
590 2.10143 38.8333
591 2.09787 37.6033
592 2.09433 36.4238
593 2.0908 35.2903
594 2.08728 34.1995
595 2.08377 33.1517
596 2.08027 32.1461
597 2.07679 31.1777
598 2.07331 30.2451
599 2.06985 29.3504
600 2.0664 28.4883
601 2.06296 27.6573
602 2.05954 26.8572
603 2.05612 26.0862
604 2.05272 25.3424
605 2.04933 24.6247
606 2.04594 23.9332
607 2.04257 23.2654
608 2.03921 22.6205
609 2.03587 21.9968
610 2.03253 21.3936
611 2.0292 20.8104
612 2.02589 20.2465
613 2.02258 19.6994
614 2.01929 19.1698
615 2.016 18.6573
616 2.01273 18.1606
617 2.00947 17.6776
618 2.00622 17.2097
619 2.00298 16.7564
620 1.99975 16.3155
621 1.99652 15.8869
622 1.99332 15.4713
623 1.99012 15.0681
624 1.98693 14.6764
625 1.98375 14.2961
626 1.98058 13.927
627 1.97742 13.5687
628 1.97427 13.2217
629 1.97113 12.8845
630 1.968 12.557
631 1.96488 12.2393
632 1.96178 11.9317
633 1.95868 11.6327
634 1.95559 11.3419
635 1.95251 11.0605
636 1.94944 10.7887
637 1.94638 10.5242
638 1.94333 10.2669
639 1.94028 10.0186
640 1.93725 9.77864
641 1.93423 9.54511
642 1.93122 9.31759
643 1.92821 9.09889
644 1.92522 8.88805
645 1.92224 8.68258
646 1.91926 8.48234
647 1.91629 8.29067
648 1.91334 8.10636
649 1.91039 7.9266
650 1.90745 7.75129
651 1.90452 7.58364
652 1.9016 7.42325
653 1.89869 7.26666
654 1.89578 7.11387
655 1.89289 6.96782
656 1.89 6.8295
657 1.88713 6.6944
658 1.88426 6.56242
659 1.8814 6.43547
660 1.87855 6.317
661 1.87571 6.20118
662 1.87287 6.08797
663 1.87005 5.97765
664 1.86723 5.87632
665 1.86442 5.77716
666 1.86162 5.68015
667 1.85883 5.5852
668 1.85605 5.49699
669 1.85328 5.41179
670 1.85051 5.32834
671 1.84775 5.24665
672 1.845 5.16887
673 1.84226 5.09521
674 1.83953 5.023
675 1.8368 4.95221
676 1.83409 4.8832
677 1.83138 4.81912
678 1.82868 4.75624
679 1.82598 4.69453
680 1.8233 4.63402
681 1.82062 4.5767
682 1.81795 4.52145
683 1.81529 4.46714
684 1.81263 4.41383
685 1.80999 4.36195
686 1.80735 4.31292
687 1.80472 4.26474
688 1.8021 4.21737
689 1.79948 4.17084
690 1.79687 4.12618
691 1.79427 4.08296
692 1.79168 4.04041
693 1.78909 3.99855
694 1.78652 3.95738
695 1.78395 3.91803
696 1.78138 3.87926
697 1.77883 3.84113
698 1.77628 3.80356
699 1.77374 3.76682
700 1.7712 3.73104
701 1.76868 3.69584
702 1.76616 3.66113
703 1.76364 3.62694
704 1.76114 3.59342
705 1.75864 3.56049
706 1.75615 3.52803
707 1.75367 3.49605
708 1.75119 3.46453
709 1.74872 3.43353
710 1.74626 3.40301
711 1.7438 3.37291
712 1.74135 3.34321
713 1.73891 3.31396
714 1.73647 3.28533
715 1.73404 3.2571
716 1.73162 3.22923
717 1.72921 3.20177
718 1.7268 3.17471
719 1.7244 3.1482
720 1.722 3.12205
721 1.71961 3.09626
722 1.71723 3.0708
723 1.71486 3.04571
724 1.71249 3.02122
725 1.71013 2.99705
726 1.70777 2.9732
727 1.70542 2.94963
728 1.70308 2.92638
729 1.70074 2.90378
730 1.69841 2.88146
731 1.69609 2.85941
732 1.69377 2.83764
733 1.69146 2.81615
734 1.68916 2.79522
735 1.68686 2.77458
736 1.68457 2.75422
737 1.68228 2.73408
738 1.68 2.7142
739 1.67773 2.69479
740 1.67546 2.67577
741 1.6732 2.65698
742 1.67095 2.6384
743 1.6687 2.62003
744 1.66645 2.602
745 1.66422 2.58447
746 1.66199 2.56711
747 1.65976 2.54997
748 1.65754 2.53301
749 1.65533 2.51622
750 1.65312 2.50006
751 1.65092 2.48409
752 1.64873 2.46829
753 1.64654 2.45266
754 1.64435 2.43717
755 1.64217 2.42209
756 1.64 2.40739
757 1.63784 2.39284
758 1.63568 2.37842
759 1.63352 2.36417
760 1.63137 2.35004
761 1.62923 2.33637
762 1.62709 2.32285
763 1.62496 2.30945
764 1.62283 2.2962
765 1.62071 2.28306
766 1.61859 2.2701
767 1.61648 2.25739
768 1.61438 2.24478
769 1.61228 2.23231
770 1.61018 2.21994
771 1.6081 2.20768
772 1.60601 2.19555
773 1.60394 2.18353
774 1.60186 2.17162
775 1.5998 2.15981
776 1.59773 2.14811
777 1.59568 2.13649
778 1.59363 2.12492
779 1.59158 2.11342
780 1.58954 2.10203
781 1.58751 2.09073
782 1.58548 2.07953
783 1.58345 2.06843
784 1.58143 2.05721
785 1.57942 2.0461
786 1.57741 2.03508
787 1.5754 2.02417
788 1.5734 2.01334
789 1.57141 2.00257
790 1.56942 1.9916
791 1.56744 1.98073
792 1.56546 1.96996
793 1.56348 1.95929
794 1.56151 1.94871
795 1.55955 1.9382
796 1.55759 1.92739
797 1.55564 1.91667
798 1.55369 1.90606
799 1.55174 1.89555
800 1.5498 1.88513
801 1.54787 1.8748
802 1.54594 1.86411
803 1.54401 1.8535
804 1.54209 1.84298
805 1.54018 1.83255
806 1.53827 1.82223
807 1.53636 1.812
808 1.53446 1.80146
809 1.53256 1.79086
810 1.53067 1.78036
811 1.52878 1.76995
812 1.5269 1.75965
813 1.52502 1.74945
814 1.52315 1.7391
815 1.52128 1.72848
816 1.51941 1.71797
817 1.51755 1.70754
818 1.5157 1.69723
819 1.51385 1.68702
820 1.512 1.67691
821 1.51016 1.66628
822 1.50832 1.65574
823 1.50649 1.64528
824 1.50466 1.63495
825 1.50284 1.62471
826 1.50102 1.61457
827 1.4992 1.60433
828 1.49739 1.5939
829 1.49559 1.58358
830 1.49379 1.57336
831 1.49199 1.56324
832 1.49019 1.55323
833 1.48841 1.54331
834 1.48662 1.53326
835 1.48484 1.52325
836 1.48306 1.51333
837 1.48129 1.50352
838 1.47952 1.4938
839 1.47776 1.48419
840 1.476 1.47466
841 1.47425 1.46509
842 1.4725 1.45561
843 1.47075 1.44621
844 1.46901 1.43692
845 1.46727 1.42773
846 1.46553 1.41861
847 1.4638 1.4096
848 1.46208 1.40068
849 1.46036 1.39185
850 1.45864 1.38311
851 1.45692 1.37444
852 1.45521 1.36587
853 1.45351 1.35738
854 1.45181 1.34899
855 1.45011 1.34079
856 1.44841 1.33266
857 1.44672 1.32461
858 1.44504 1.31664
859 1.44335 1.30874
860 1.44168 1.30092
861 1.44 1.2932
862 1.43833 1.28576
863 1.43667 1.27839
864 1.435 1.27109
865 1.43334 1.26386
866 1.43169 1.25669
867 1.43004 1.24958
868 1.42839 1.24254
869 1.42675 1.23589
870 1.42511 1.22931
871 1.42347 1.2228
872 1.42184 1.21634
873 1.42021 1.20993
874 1.41858 1.20358
875 1.41696 1.19728
876 1.41534 1.19129
877 1.41373 1.18552
878 1.41212 1.1798
879 1.41051 1.17412
880 1.40891 1.16848
881 1.40731 1.16289
882 1.40572 1.15733
883 1.40412 1.15192
884 1.40254 1.14696
885 1.40095 1.14203
886 1.39937 1.13714
887 1.39779 1.13229
888 1.39622 1.12746
889 1.39465 1.12267
890 1.39308 1.11791
891 1.39152 1.11352
892 1.38996 1.10937
893 1.3884 1.10525
894 1.38685 1.10115
895 1.3853 1.09708
896 1.38375 1.09302
897 1.38221 1.089
898 1.38067 1.085
899 1.37913 1.08145
900 1.3776 1.07797
