400 0.476318
401 0.475386
402 0.474496
403 0.473639
404 0.472826
405 0.472022
406 0.471231
407 0.470439
408 0.469643
409 0.468831
410 0.467988
411 0.467129
412 0.466204
413 0.465249
414 0.464243
415 0.463183
416 0.462104
417 0.460986
418 0.459868
419 0.458748
420 0.45765
421 0.456564
422 0.455533
423 0.454532
424 0.453596
425 0.452726
426 0.451908
427 0.451212
428 0.450557
429 0.450059
430 0.449624
431 0.449329
432 0.449135
433 0.449031
434 0.44904
435 0.449096
436 0.449259
437 0.449445
438 0.449706
439 0.449983
440 0.450298
441 0.450621
442 0.450955
443 0.451281
444 0.451598
445 0.451886
446 0.452156
447 0.452365
448 0.45255
449 0.452644
450 0.45271
451 0.452654
452 0.45257
453 0.452381
454 0.452173
455 0.4519
456 0.451617
457 0.451315
458 0.451009
459 0.450729
460 0.450453
461 0.450239
462 0.450038
463 0.449935
464 0.44986
465 0.44991
466 0.45001
467 0.450247
468 0.450566
469 0.451026
470 0.451616
471 0.452331
472 0.453235
473 0.454235
474 0.455499
475 0.456808
476 0.458474
477 0.46016
478 0.462239
479 0.464383
480 0.466877
481 0.469544
482 0.472493
483 0.47575
484 0.479195
485 0.483113
486 0.487117
487 0.491783
488 0.496574
489 0.501923
490 0.507612
491 0.513723
492 0.520449
493 0.527416
494 0.535337
495 0.543514
496 0.552553
497 0.562159
498 0.572361
499 0.58348
500 0.595009
501 0.60756
502 0.62064
503 0.63447
504 0.649086
505 0.664291
506 0.680356
507 0.697038
508 0.714384
509 0.732384
510 0.751007
511 0.770087
512 0.78977
513 0.809713
514 0.829932
515 0.850549
516 0.870588
517 0.890831
518 0.910501
519 0.929319
520 0.94789
521 0.964228
522 0.97966
523 0.993678
524 1.00504
525 1.01514
526 1.02258
527 1.02769
528 1.0311
529 1.03107
530 1.02912
531 1.02495
532 1.01787
533 1.00898
534 0.997812
535 0.984537
536 0.96976
537 0.953075
538 0.935036
539 0.915928
540 0.895587
541 0.874508
542 0.852818
543 0.830619
544 0.808104
545 0.785421
546 0.762704
547 0.739987
548 0.717459
549 0.695206
550 0.673161
551 0.651475
552 0.630161
553 0.609196
554 0.588683
555 0.568615
556 0.548993
557 0.52986
558 0.511216
559 0.493068
560 0.475412
561 0.458261
562 0.441627
563 0.425489
564 0.409855
565 0.39474
566 0.380125
567 0.366005
568 0.352386
569 0.339233
570 0.326534
571 0.314313
572 0.302544
573 0.291211
574 0.280321
575 0.269853
576 0.259772
577 0.250097
578 0.240812
579 0.231894
580 0.223342
581 0.215144
582 0.20729
583 0.199767
584 0.192557
585 0.18565
586 0.179036
587 0.172699
588 0.16663
589 0.160831
590 0.155274
591 0.149947
592 0.144849
593 0.139965
594 0.135281
595 0.130793
596 0.126498
597 0.122375
598 0.118417
599 0.11463
600 0.110992
601 0.107497
602 0.104142
603 0.100918
604 0.0978175
605 0.0948348
606 0.0919698
607 0.0892111
608 0.0865548
609 0.083994
610 0.0815245
611 0.0791438
612 0.0768482
613 0.0746286
614 0.0724859
615 0.0704177
616 0.0684189
617 0.0664822
618 0.0646106
619 0.0628015
620 0.0610475
621 0.059347
622 0.0577017
623 0.0561094
624 0.0545667
625 0.0530724
626 0.0516251
627 0.0502233
628 0.048869
629 0.0475557
630 0.0462827
631 0.0450499
632 0.0438592
633 0.0427036
634 0.0415821
635 0.0404986
636 0.0394537
637 0.038439
638 0.0374532
639 0.0365034
640 0.0355871
641 0.0346967
642 0.0338307
643 0.0329991
644 0.0321984
645 0.0314194
646 0.0306614
647 0.0299364
648 0.0292399
649 0.0285616
650 0.0279011
651 0.0272699
652 0.0266663
653 0.0260778
654 0.0255045
655 0.0249567
656 0.0244378
657 0.0239317
658 0.0234381
659 0.0229634
660 0.0225201
661 0.0220872
662 0.0216646
663 0.0212533
664 0.0208748
665 0.0205048
666 0.0201433
667 0.01979
668 0.0194611
669 0.0191437
670 0.0188332
671 0.0185295
672 0.0182403
673 0.0179662
674 0.0176978
675 0.017435
676 0.017179
677 0.0169407
678 0.0167072
679 0.0164784
680 0.0162541
681 0.0160415
682 0.0158366
683 0.0156353
684 0.015438
685 0.015246
686 0.0150644
687 0.014886
688 0.0147109
689 0.014539
690 0.014374
691 0.0142142
692 0.0140571
693 0.0139027
694 0.0137509
695 0.0136058
696 0.0134629
697 0.0133225
698 0.0131843
699 0.0130492
700 0.0129176
701 0.0127883
702 0.0126609
703 0.0125355
704 0.0124127
705 0.0122921
706 0.0121733
707 0.0120564
708 0.0119412
709 0.011828
710 0.0117167
711 0.011607
712 0.0114988
713 0.0113923
714 0.0112881
715 0.0111855
716 0.0110842
717 0.0109845
718 0.0108863
719 0.0107902
720 0.0106954
721 0.0106019
722 0.0105098
723 0.0104191
724 0.0103305
725 0.0102431
726 0.010157
727 0.0100719
728 0.00998803
729 0.00990647
730 0.00982599
731 0.00974657
732 0.00966818
733 0.00959084
734 0.0095155
735 0.00944127
736 0.00936806
737 0.00929569
738 0.00922431
739 0.0091546
740 0.00908633
741 0.00901889
742 0.00895227
743 0.00888645
744 0.00882182
745 0.00875899
746 0.00869681
747 0.00863544
748 0.00857477
749 0.00851475
750 0.00845687
751 0.00839975
752 0.00834326
753 0.0082874
754 0.0082321
755 0.00817824
756 0.0081257
757 0.00807372
758 0.00802228
759 0.00797144
760 0.00792108
761 0.0078723
762 0.00782406
763 0.00777631
764 0.0077291
765 0.00768231
766 0.00763619
767 0.00759095
768 0.00754609
769 0.00750173
770 0.00745779
771 0.00741422
772 0.00737118
773 0.00732851
774 0.00728625
775 0.00724439
776 0.00720292
777 0.00716179
778 0.00712082
779 0.00708014
780 0.00703988
781 0.00699996
782 0.0069604
783 0.00692123
784 0.00688168
785 0.00684254
786 0.00680372
787 0.00676531
788 0.00672721
789 0.00668936
790 0.00665085
791 0.00661271
792 0.00657493
793 0.0065375
794 0.00650043
795 0.00646362
796 0.00642583
797 0.0063884
798 0.00635132
799 0.00631465
800 0.00627828
801 0.00624225
802 0.00620505
803 0.00616814
804 0.00613154
805 0.0060953
806 0.00605945
807 0.00602391
808 0.00598739
809 0.00595066
810 0.00591429
811 0.00587829
812 0.00584265
813 0.00580736
814 0.00577163
815 0.005735
816 0.00569875
817 0.00566283
818 0.0056273
819 0.00559215
820 0.00555734
821 0.00552085
822 0.00548463
823 0.00544875
824 0.00541329
825 0.00537819
826 0.00534343
827 0.00530835
828 0.00527265
829 0.00523734
830 0.0052024
831 0.00516783
832 0.00513362
833 0.00509973
834 0.00506544
835 0.00503128
836 0.00499746
837 0.00496402
838 0.00493091
839 0.00489817
840 0.00486572
841 0.00483313
842 0.00480087
843 0.00476892
844 0.00473734
845 0.00470608
846 0.00467511
847 0.0046445
848 0.0046142
849 0.00458421
850 0.00455453
