400 0.476424
401 0.475467
402 0.474553
403 0.473674
404 0.472842
405 0.472022
406 0.471217
407 0.470414
408 0.469609
409 0.46879
410 0.467943
411 0.467081
412 0.466158
413 0.465206
414 0.464205
415 0.463154
416 0.462084
417 0.460981
418 0.459879
419 0.458778
420 0.457702
421 0.45664
422 0.455638
423 0.454668
424 0.453766
425 0.452935
426 0.452157
427 0.451507
428 0.450899
429 0.450454
430 0.450076
431 0.449842
432 0.449712
433 0.449678
434 0.449761
435 0.449895
436 0.450142
437 0.450415
438 0.45077
439 0.451143
440 0.451562
441 0.451992
442 0.452439
443 0.452882
444 0.453323
445 0.453739
446 0.45414
447 0.454487
448 0.454812
449 0.455054
450 0.45527
451 0.455369
452 0.455443
453 0.455417
454 0.455375
455 0.455274
456 0.455165
457 0.455043
458 0.45492
459 0.454831
460 0.454746
461 0.454734
462 0.454736
463 0.454846
464 0.454988
465 0.455265
466 0.455597
467 0.456078
468 0.456648
469 0.45737
470 0.458233
471 0.459233
472 0.460438
473 0.461747
474 0.463336
475 0.46498
476 0.466996
477 0.46904
478 0.471489
479 0.474012
480 0.476894
481 0.479959
482 0.483314
483 0.486986
484 0.490856
485 0.4952
486 0.499644
487 0.504745
488 0.509984
489 0.515778
490 0.521916
491 0.528478
492 0.535645
493 0.54306
494 0.5514
495 0.559998
496 0.569425
497 0.579396
498 0.589933
499 0.601325
500 0.613094
501 0.625783
502 0.638933
503 0.652722
504 0.667159
505 0.682059
506 0.697592
507 0.71356
508 0.729923
509 0.746646
510 0.763686
511 0.780747
512 0.798016
513 0.815039
514 0.831798
515 0.848404
516 0.863761
517 0.878693
518 0.892367
519 0.904511
520 0.915726
521 0.924149
522 0.931093
523 0.936133
524 0.938254
525 0.938785
526 0.936638
527 0.932215
528 0.926145
529 0.917195
530 0.906678
531 0.89447
532 0.880198
533 0.864762
534 0.847923
535 0.829907
536 0.811162
537 0.791501
538 0.771322
539 0.750826
540 0.729976
541 0.709057
542 0.688155
543 0.667356
544 0.646745
545 0.626401
546 0.606396
547 0.586729
548 0.567497
549 0.54873
550 0.530376
551 0.512494
552 0.495077
553 0.478109
554 0.461625
555 0.445609
556 0.430058
557 0.414973
558 0.400349
559 0.386183
560 0.372453
561 0.359163
562 0.346315
563 0.333883
564 0.321867
565 0.310273
566 0.299081
567 0.288281
568 0.277876
569 0.267835
570 0.258147
571 0.248824
572 0.239848
573 0.231207
574 0.222898
575 0.214908
576 0.207214
577 0.199822
578 0.192721
579 0.1859
580 0.179351
581 0.173062
582 0.167036
583 0.161257
584 0.155709
585 0.150387
586 0.145286
587 0.14039
588 0.135692
589 0.131198
590 0.126884
591 0.12274
592 0.11877
593 0.114959
594 0.111295
595 0.10778
596 0.10441
597 0.101169
598 0.0980506
599 0.0950623
600 0.0921864
601 0.0894176
602 0.0867546
603 0.0841914
604 0.0817212
605 0.0793405
606 0.0770495
607 0.0748393
608 0.0727073
609 0.070648
610 0.0686583
611 0.0667369
612 0.0648809
613 0.0630826
614 0.0613435
615 0.0596622
616 0.0580345
617 0.0564538
618 0.054924
619 0.0534431
620 0.0520046
621 0.0506075
622 0.0492538
623 0.0479419
624 0.0466687
625 0.0454336
626 0.0442357
627 0.0430739
628 0.0419499
629 0.0408585
630 0.0397993
631 0.0387722
632 0.0377789
633 0.0368138
634 0.0358761
635 0.0349692
636 0.0340937
637 0.0332424
638 0.0324146
639 0.0316163
640 0.0308454
641 0.0300955
642 0.0293654
643 0.0286639
644 0.0279878
645 0.0273295
646 0.0266882
647 0.0260746
648 0.0254847
649 0.0249098
650 0.0243494
651 0.0238136
652 0.023301
653 0.022801
654 0.0223133
655 0.0218472
656 0.0214057
657 0.0209747
658 0.020554
659 0.0201493
660 0.0197715
661 0.0194024
662 0.0190417
663 0.0186904
664 0.0183675
665 0.0180517
666 0.0177428
667 0.0174407
668 0.0171598
669 0.0168885
670 0.016623
671 0.0163631
672 0.0161157
673 0.0158813
674 0.0156515
675 0.0154265
676 0.0152071
677 0.0150032
678 0.0148033
679 0.0146072
680 0.0144149
681 0.0142327
682 0.014057
683 0.0138845
684 0.0137152
685 0.0135504
686 0.0133946
687 0.0132416
688 0.0130912
689 0.0129435
690 0.0128017
691 0.0126645
692 0.0125295
693 0.0123967
694 0.0122661
695 0.0121413
696 0.0120183
697 0.0118974
698 0.0117784
699 0.011662
700 0.0115486
701 0.0114371
702 0.0113272
703 0.011219
704 0.0111129
705 0.0110087
706 0.0109061
707 0.0108049
708 0.0107053
709 0.0106074
710 0.0105109
711 0.0104159
712 0.0103221
713 0.0102298
714 0.0101394
715 0.0100504
716 0.00996246
717 0.00987585
718 0.00979055
719 0.009707
720 0.00962459
721 0.00954332
722 0.00946315
723 0.00938414
724 0.00930702
725 0.00923094
726 0.00915587
727 0.00908171
728 0.00900859
729 0.00893749
730 0.00886728
731 0.00879798
732 0.00872955
733 0.008662
734 0.00859621
735 0.00853138
736 0.0084674
737 0.00840414
738 0.00834172
739 0.00828076
740 0.00822105
741 0.00816205
742 0.00810374
743 0.00804611
744 0.00798952
745 0.00793452
746 0.00788006
747 0.00782629
748 0.00777312
749 0.00772049
750 0.00766978
751 0.00761971
752 0.00757018
753 0.00752118
754 0.00747265
755 0.0074254
756 0.00737931
757 0.0073337
758 0.00728855
759 0.00724391
760 0.00719966
761 0.00715684
762 0.00711448
763 0.00707252
764 0.00703104
765 0.0069899
766 0.00694935
767 0.00690957
768 0.00687011
769 0.00683108
770 0.00679241
771 0.00675404
772 0.00671614
773 0.00667855
774 0.00664132
775 0.00660442
776 0.00656785
777 0.00653157
778 0.00649542
779 0.00645951
780 0.00642397
781 0.0063887
782 0.00635375
783 0.00631913
784 0.00628414
785 0.00624952
786 0.00621516
787 0.00618116
788 0.00614741
789 0.00611387
790 0.00607973
791 0.0060459
792 0.00601238
793 0.00597917
794 0.00594625
795 0.00591356
796 0.00587996
797 0.00584668
798 0.0058137
799 0.00578106
800 0.00574869
801 0.00571662
802 0.00568346
803 0.00565054
804 0.0056179
805 0.00558557
806 0.00555358
807 0.00552186
808 0.00548922
809 0.00545638
810 0.00542386
811 0.00539166
812 0.00535977
813 0.00532818
814 0.00529619
815 0.00526336
816 0.00523085
817 0.00519863
818 0.00516677
819 0.00513522
820 0.00510399
821 0.00507119
822 0.00503864
823 0.00500638
824 0.00497449
825 0.00494293
826 0.00491165
827 0.00488007
828 0.00484792
829 0.00481611
830 0.00478462
831 0.00475346
832 0.00472262
833 0.00469207
834 0.00466113
835 0.00463031
836 0.00459978
837 0.00456959
838 0.00453969
839 0.00451011
840 0.00448081
841 0.00445135
842 0.0044222
843 0.00439332
844 0.00436476
845 0.00433649
846 0.00430848
847 0.00428078
848 0.00425336
849 0.00422622
850 0.00419936
