400 0.476281
401 0.475361
402 0.47448
403 0.473632
404 0.472825
405 0.472028
406 0.471241
407 0.470454
408 0.469661
409 0.468849
410 0.468007
411 0.467148
412 0.466221
413 0.465264
414 0.464255
415 0.46319
416 0.462106
417 0.460981
418 0.459856
419 0.458727
420 0.457618
421 0.456521
422 0.455475
423 0.454459
424 0.453505
425 0.452617
426 0.451777
427 0.451058
428 0.450377
429 0.449851
430 0.449386
431 0.449058
432 0.448828
433 0.448686
434 0.448654
435 0.448667
436 0.448783
437 0.44892
438 0.449129
439 0.449352
440 0.44961
441 0.449874
442 0.450147
443 0.450409
444 0.450661
445 0.45088
446 0.451079
447 0.451216
448 0.451326
449 0.451344
450 0.451333
451 0.451197
452 0.451033
453 0.450761
454 0.45047
455 0.450111
456 0.449741
457 0.44935
458 0.448954
459 0.44858
460 0.448209
461 0.447896
462 0.447594
463 0.447386
464 0.447204
465 0.44714
466 0.447124
467 0.44724
468 0.447434
469 0.447762
470 0.448214
471 0.448785
472 0.449537
473 0.45038
474 0.451476
475 0.452615
476 0.454101
477 0.455601
478 0.457488
479 0.459433
480 0.461722
481 0.464176
482 0.466907
483 0.469939
484 0.473153
485 0.476834
486 0.480592
487 0.485007
488 0.489539
489 0.494623
490 0.50004
491 0.505872
492 0.512313
493 0.518986
494 0.526612
495 0.534484
496 0.543218
497 0.552515
498 0.562407
499 0.573222
500 0.584446
501 0.596711
502 0.609513
503 0.62309
504 0.637483
505 0.652494
506 0.66843
507 0.68503
508 0.702378
509 0.720473
510 0.739289
511 0.758723
512 0.778896
513 0.799527
514 0.820651
515 0.842395
516 0.863878
517 0.885844
518 0.907584
519 0.928844
520 0.950219
521 0.969775
522 0.988803
523 1.0068
524 1.0225
525 1.03726
526 1.04964
527 1.0599
528 1.06865
529 1.07398
530 1.07741
531 1.07857
532 1.07661
533 1.07267
534 1.06611
535 1.05706
536 1.04615
537 1.03283
538 1.01771
539 1.00107
540 0.98265
541 0.963046
542 0.942389
543 0.92077
544 0.89844
545 0.875579
546 0.852357
547 0.828825
548 0.805232
549 0.781701
550 0.758156
551 0.734816
552 0.711709
553 0.688808
554 0.666271
555 0.6441
556 0.6223
557 0.60095
558 0.580059
559 0.55964
560 0.539711
561 0.520293
562 0.501407
563 0.483039
564 0.46521
565 0.447939
566 0.431212
567 0.41503
568 0.399404
569 0.384298
570 0.369701
571 0.355645
572 0.342103
573 0.329056
574 0.316518
575 0.304466
576 0.292855
577 0.281715
578 0.27103
579 0.260764
580 0.250925
581 0.241499
582 0.232469
583 0.223824
584 0.215547
585 0.207621
586 0.200035
587 0.192774
588 0.185826
589 0.179189
590 0.172837
591 0.166755
592 0.160937
593 0.155369
594 0.150034
595 0.144929
596 0.140045
597 0.135364
598 0.130875
599 0.126582
600 0.122464
601 0.118511
602 0.11472
603 0.111081
604 0.107585
605 0.104225
606 0.101001
607 0.0978993
608 0.0949161
609 0.092043
610 0.0892752
611 0.0866095
612 0.0840413
613 0.081561
614 0.0791689
615 0.076862
616 0.0746346
617 0.0724788
618 0.0703972
619 0.0683867
620 0.0664394
621 0.0645532
622 0.0627297
623 0.0609663
624 0.0592594
625 0.0576072
626 0.0560082
627 0.0544605
628 0.0529665
629 0.0515188
630 0.0501164
631 0.0487592
632 0.0474491
633 0.0461785
634 0.0449462
635 0.0437564
636 0.0426096
637 0.0414965
638 0.0404158
639 0.0393751
640 0.0383715
641 0.0373969
642 0.0364495
643 0.0355402
644 0.0346649
645 0.0338138
646 0.0329861
647 0.0321946
648 0.0314345
649 0.0306947
650 0.0299747
651 0.0292866
652 0.0286288
653 0.0279878
654 0.0273636
655 0.0267673
656 0.0262025
657 0.0256518
658 0.0251149
659 0.0245988
660 0.0241166
661 0.023646
662 0.0231868
663 0.02274
664 0.0223285
665 0.0219266
666 0.021534
667 0.0211504
668 0.0207932
669 0.0204485
670 0.0201114
671 0.019782
672 0.0194681
673 0.0191706
674 0.0188794
675 0.0185943
676 0.0183167
677 0.0180583
678 0.017805
679 0.0175569
680 0.0173139
681 0.0170834
682 0.0168612
683 0.0166431
684 0.0164293
685 0.0162214
686 0.0160245
687 0.0158314
688 0.0156417
689 0.0154556
690 0.0152769
691 0.0151039
692 0.0149339
693 0.0147668
694 0.0146027
695 0.0144456
696 0.0142911
697 0.0141392
698 0.0139898
699 0.0138438
700 0.0137017
701 0.0135619
702 0.0134243
703 0.013289
704 0.0131563
705 0.0130261
706 0.012898
707 0.0127718
708 0.0126476
709 0.0125256
710 0.0124055
711 0.0122872
712 0.0121707
713 0.012056
714 0.0119438
715 0.0118332
716 0.0117242
717 0.0116169
718 0.0115112
719 0.0114078
720 0.0113058
721 0.0112053
722 0.0111063
723 0.0110087
724 0.0109134
725 0.0108196
726 0.010727
727 0.0106356
728 0.0105455
729 0.0104579
730 0.0103715
731 0.0102862
732 0.0102021
733 0.0101191
734 0.0100382
735 0.00995856
736 0.00988
737 0.00980238
738 0.00972584
739 0.00965107
740 0.00957786
741 0.00950555
742 0.00943413
743 0.00936359
744 0.00929433
745 0.00922698
746 0.00916035
747 0.0090946
748 0.00902962
749 0.00896533
750 0.00890333
751 0.00884214
752 0.00878165
753 0.00872185
754 0.00866264
755 0.00860499
756 0.00854873
757 0.00849309
758 0.00843803
759 0.00838363
760 0.00832975
761 0.00827755
762 0.00822594
763 0.00817485
764 0.00812436
765 0.00807433
766 0.00802501
767 0.00797663
768 0.00792867
769 0.00788125
770 0.00783429
771 0.00778774
772 0.00774174
773 0.00769616
774 0.00765102
775 0.00760632
776 0.00756204
777 0.00751813
778 0.0074744
779 0.00743099
780 0.00738803
781 0.00734544
782 0.00730325
783 0.00726148
784 0.00721931
785 0.00717759
786 0.00713622
787 0.00709529
788 0.0070547
789 0.00701438
790 0.00697338
791 0.00693278
792 0.00689257
793 0.00685274
794 0.00681329
795 0.00677413
796 0.00673394
797 0.00669415
798 0.00665474
799 0.00661576
800 0.00657711
801 0.00653883
802 0.00649933
803 0.00646014
804 0.00642129
805 0.00638283
806 0.00634478
807 0.00630706
808 0.00626833
809 0.00622938
810 0.00619083
811 0.00615267
812 0.00611489
813 0.00607749
814 0.00603965
815 0.00600086
816 0.00596247
817 0.00592445
818 0.00588685
819 0.00584964
820 0.0058128
821 0.00577421
822 0.00573591
823 0.00569798
824 0.00566049
825 0.00562339
826 0.00558665
827 0.00554958
828 0.00551187
829 0.00547458
830 0.00543768
831 0.00540117
832 0.00536505
833 0.00532928
834 0.00529308
835 0.00525704
836 0.00522135
837 0.00518607
838 0.00515114
839 0.0051166
840 0.00508238
841 0.00504801
842 0.005014
843 0.00498031
844 0.00494702
845 0.00491406
846 0.00488142
847 0.00484916
848 0.00481723
849 0.00478562
850 0.00475435
