400 0.476366
401 0.475422
402 0.47452
403 0.473653
404 0.472831
405 0.47202
406 0.471222
407 0.470426
408 0.469626
409 0.468811
410 0.467967
411 0.467107
412 0.466183
413 0.46523
414 0.464227
415 0.463171
416 0.462097
417 0.460986
418 0.459876
419 0.458765
420 0.457678
421 0.456604
422 0.455587
423 0.454602
424 0.453683
425 0.452833
426 0.452035
427 0.451363
428 0.450731
429 0.450261
430 0.449855
431 0.449591
432 0.44943
433 0.449363
434 0.449411
435 0.449507
436 0.449714
437 0.449945
438 0.450255
439 0.450582
440 0.450951
441 0.451329
442 0.451722
443 0.452108
444 0.452489
445 0.452843
446 0.45318
447 0.45346
448 0.453716
449 0.453885
450 0.454028
451 0.45405
452 0.454046
453 0.453939
454 0.453814
455 0.453628
456 0.453431
457 0.453219
458 0.453005
459 0.45282
460 0.45264
461 0.452526
462 0.452426
463 0.45243
464 0.452464
465 0.452627
466 0.452843
467 0.453203
468 0.453648
469 0.45424
470 0.454967
471 0.455825
472 0.456881
473 0.458037
474 0.459466
475 0.460945
476 0.462788
477 0.464655
478 0.466924
479 0.469261
480 0.471954
481 0.474825
482 0.477984
483 0.481455
484 0.485121
485 0.489262
486 0.493497
487 0.498394
488 0.503423
489 0.509011
490 0.514943
491 0.521301
492 0.528272
493 0.535491
494 0.543654
495 0.552078
496 0.561353
497 0.57119
498 0.581614
499 0.592933
500 0.604651
501 0.617352
502 0.630557
503 0.644468
504 0.659109
505 0.674288
506 0.69023
507 0.706713
508 0.723741
509 0.741294
510 0.759335
511 0.777631
512 0.796351
513 0.815091
514 0.83385
515 0.852744
516 0.87072
517 0.88859
518 0.905531
519 0.921257
520 0.936377
521 0.948924
522 0.960236
523 0.969831
524 0.976555
525 0.98179
526 0.984273
527 0.984369
528 0.982725
529 0.977835
530 0.971144
531 0.962444
532 0.951214
533 0.938473
534 0.92387
535 0.907625
536 0.890273
537 0.871531
538 0.851882
539 0.831573
540 0.810516
541 0.789099
542 0.767432
543 0.745611
544 0.723772
545 0.702027
546 0.680477
547 0.659137
548 0.638144
549 0.617554
550 0.597306
551 0.5775
552 0.558135
553 0.539193
554 0.520736
555 0.502753
556 0.485241
557 0.468217
558 0.451679
559 0.435627
560 0.420045
561 0.404941
562 0.390321
563 0.376159
564 0.36246
565 0.34923
566 0.336453
567 0.324118
568 0.312228
569 0.300753
570 0.289679
571 0.279023
572 0.268764
573 0.258887
574 0.249394
575 0.240267
576 0.231479
577 0.223041
578 0.214939
579 0.207158
580 0.199691
581 0.192528
582 0.185665
583 0.179087
584 0.172778
585 0.166729
586 0.160935
587 0.155378
588 0.150051
589 0.144959
590 0.140075
591 0.135388
592 0.130899
593 0.126595
594 0.122462
595 0.1185
596 0.114703
597 0.111056
598 0.107551
599 0.104195
600 0.100967
601 0.0978633
602 0.0948806
603 0.0920121
604 0.0892505
605 0.0865914
606 0.0840347
607 0.0815705
608 0.0791957
609 0.0769039
610 0.0746917
611 0.0725572
612 0.0704971
613 0.068503
614 0.0665764
615 0.0647152
616 0.0629149
617 0.0611685
618 0.0594795
619 0.0578456
620 0.0562601
621 0.0547215
622 0.0532317
623 0.051789
624 0.0503899
625 0.0490337
626 0.0477193
627 0.0464452
628 0.0452135
629 0.0440182
630 0.042859
631 0.0417356
632 0.0406498
633 0.0395954
634 0.0385716
635 0.0375819
636 0.0366269
637 0.035699
638 0.034797
639 0.0339276
640 0.0330884
641 0.0322725
642 0.0314785
643 0.0307159
644 0.0299813
645 0.0292662
646 0.02857
647 0.0279039
648 0.0272639
649 0.0266403
650 0.0260328
651 0.0254521
652 0.0248966
653 0.0243549
654 0.0238269
655 0.0233223
656 0.0228443
657 0.022378
658 0.0219228
659 0.0214852
660 0.0210765
661 0.0206773
662 0.0202874
663 0.0199078
664 0.0195586
665 0.0192173
666 0.0188835
667 0.0185572
668 0.0182537
669 0.0179606
670 0.0176738
671 0.0173933
672 0.0171261
673 0.016873
674 0.016625
675 0.0163821
676 0.0161454
677 0.0159253
678 0.0157095
679 0.0154979
680 0.0152905
681 0.0150939
682 0.0149044
683 0.0147183
684 0.0145357
685 0.0143581
686 0.0141901
687 0.0140251
688 0.0138629
689 0.0137038
690 0.013551
691 0.0134031
692 0.0132576
693 0.0131146
694 0.012974
695 0.0128396
696 0.0127072
697 0.012577
698 0.0124489
699 0.0123237
700 0.0122017
701 0.0120817
702 0.0119635
703 0.0118472
704 0.0117332
705 0.0116212
706 0.0115109
707 0.0114023
708 0.0112953
709 0.0111901
710 0.0110866
711 0.0109846
712 0.0108839
713 0.0107849
714 0.010688
715 0.0105925
716 0.0104982
717 0.0104054
718 0.010314
719 0.0102245
720 0.0101362
721 0.0100491
722 0.00996327
723 0.00987867
724 0.0097961
725 0.00971467
726 0.00963432
727 0.00955497
728 0.00947675
729 0.00940068
730 0.00932559
731 0.00925147
732 0.00917831
733 0.0091061
734 0.00903577
735 0.00896647
736 0.0088981
737 0.0088305
738 0.00876382
739 0.0086987
740 0.00863492
741 0.0085719
742 0.00850964
743 0.00844811
744 0.00838769
745 0.00832896
746 0.00827083
747 0.00821344
748 0.0081567
749 0.00810055
750 0.00804642
751 0.007993
752 0.00794015
753 0.00788789
754 0.00783613
755 0.00778574
756 0.00773657
757 0.00768792
758 0.00763978
759 0.00759218
760 0.00754502
761 0.00749936
762 0.0074542
763 0.00740948
764 0.00736527
765 0.00732144
766 0.00727823
767 0.00723585
768 0.00719382
769 0.00715224
770 0.00711106
771 0.00707022
772 0.00702986
773 0.00698985
774 0.00695022
775 0.00691095
776 0.00687205
777 0.00683346
778 0.00679501
779 0.00675682
780 0.00671902
781 0.00668154
782 0.00664439
783 0.0066076
784 0.00657043
785 0.00653365
786 0.00649716
787 0.00646106
788 0.00642523
789 0.00638963
790 0.00635341
791 0.00631752
792 0.00628197
793 0.00624674
794 0.00621184
795 0.00617718
796 0.00614158
797 0.00610631
798 0.00607138
799 0.00603681
800 0.00600253
801 0.00596857
802 0.00593348
803 0.00589865
804 0.00586412
805 0.00582992
806 0.00579609
807 0.00576254
808 0.00572804
809 0.00569334
810 0.00565899
811 0.00562497
812 0.00559128
813 0.00555793
814 0.00552415
815 0.0054895
816 0.0054552
817 0.00542121
818 0.0053876
819 0.00535432
820 0.00532138
821 0.00528681
822 0.00525251
823 0.00521852
824 0.00518492
825 0.00515166
826 0.00511872
827 0.00508546
828 0.00505162
829 0.00501813
830 0.00498499
831 0.0049522
832 0.00491974
833 0.0048876
834 0.00485505
835 0.00482263
836 0.00479052
837 0.00475878
838 0.00472734
839 0.00469625
840 0.00466544
841 0.00463448
842 0.00460384
843 0.00457349
844 0.00454349
845 0.00451378
846 0.00448436
847 0.00445526
848 0.00442646
849 0.00439796
850 0.00436975
