MiePlot v4.6.19

Date & Time: 5/9/2021 10:13:21 PM 

Calculation Method:         Mie (plane wave)

Graph type: Qext/Qsca/Qabs v. wavelength

Nominal radius = 0.01 um
Distribution: Log-normal
Standard deviation (%) = 10
Number of samples = 20

 1 	 0.01006188200527 
 2 	 1.01877970414019E-02 
 3 	 1.03184441436534E-02 
 4 	 1.04565279790083E-02 
 5 	 1.06057157864689E-02 
 6 	 1.07714947940031E-02 
 7 	 1.09630498788267E-02 
 8 	 1.11982466683167E-02 
 9 	 0.011521408527464 
 10 	 1.21266696886339E-02 
 11 	 9.93849857786283E-03 
 12 	 9.81566472060767E-03 
 13 	 9.69138356595241E-03 
 14 	 9.56340385649537E-03 
 15 	 9.42887797611762E-03 
 16 	 9.28376255222016E-03 
 17 	 9.12154930473618E-03 
 18 	 8.92996939270244E-03 
 19 	 8.67949433106431E-03 
 20 	 8.24628711489754E-03 


Radius: 0.01 um

Wavelength (nm)	RI (Real + Imag)		Medium RI	Qext	Qsca	Qabs
 400 	 0 	 0 	 0 	 0.753788853894687 	 7.10756607080566E-03 	 0.746681287823881 
 400.277355 	 0 	 0 	 0 	 0.753304474575624 	 7.08913556442972E-03 	 0.746215339011194 
 400.554902 	 0 	 0 	 0 	 0.752820581963819 	 7.07075507215201E-03 	 0.745749826891667 
 400.832642 	 0 	 0 	 0 	 0.752337175397032 	 7.05242445253307E-03 	 0.745284750944499 
 401.110574 	 0 	 0 	 0 	 0.751854229501533 	 7.03414316325111E-03 	 0.744820086338282 
 401.388699 	 0 	 0 	 0 	 0.751371780712154 	 7.01591166715264E-03 	 0.744355869045002 
 401.667017 	 0 	 0 	 0 	 0.750889803665976 	 6.99772942324009E-03 	 0.743892074242736 
 401.945528 	 0 	 0 	 0 	 0.750408297731066 	 6.97959629322631E-03 	 0.74342870143784 
 402.224232 	 0 	 0 	 0 	 0.749927274598117 	 6.96151233787414E-03 	 0.742965762260243 
 402.503129 	 0 	 0 	 0 	 0.749446721298352 	 6.9434772200599E-03 	 0.742503244078292 
 402.78222 	 0 	 0 	 0 	 0.748966649507246 	 6.9254910003597E-03 	 0.742041158506886 
 403.061504 	 0 	 0 	 0 	 0.748487046275426 	 6.90755334345233E-03 	 0.741579492931973 
 403.340982 	 0 	 0 	 0 	 0.748007923263171 	 6.88966430972749E-03 	 0.741118258953443 
 403.620654 	 0 	 0 	 0 	 0.747529267540474 	 6.87182356565627E-03 	 0.740657443974817 
 403.900519 	 0 	 0 	 0 	 0.747051090752442 	 6.85403117144234E-03 	 0.740197059581 
 404.180579 	 0 	 0 	 0 	 0.746573379988396 	 6.83628679533899E-03 	 0.739737093193057 
 404.460832 	 0 	 0 	 0 	 0.746096134625699 	 6.81859030265873E-03 	 0.73927754432304 
 404.74128 	 0 	 0 	 0 	 0.745619378530745 	 6.80094194754353E-03 	 0.738818436583201 
 405.021923 	 0 	 0 	 0 	 0.745143086560586 	 6.78334120570952E-03 	 0.738359745354877 
 405.30276 	 0 	 0 	 0 	 0.744667258095671 	 6.76578794364992E-03 	 0.737901470152021 
 405.583792 	 0 	 0 	 0 	 0.744191904735742 	 6.74828222101242E-03 	 0.73744362251473 
 405.865019 	 0 	 0 	 0 	 0.74371701362786 	 6.73082371133699E-03 	 0.736986189916523 
 406.14644 	 0 	 0 	 0 	 0.743242596356694 	 6.71341247408672E-03 	 0.736529183882607 
 406.428057 	 0 	 0 	 0 	 0.74276865228111 	 6.69604837586858E-03 	 0.736072603905241 
 406.709869 	 0 	 0 	 0 	 0.742295168576922 	 6.67873109283439E-03 	 0.735616437484088 
 406.991877 	 0 	 0 	 0 	 0.741822144630673 	 6.66146049380291E-03 	 0.73516068413687 
 407.27408 	 0 	 0 	 0 	 0.741349591996954 	 6.64423663786913E-03 	 0.734705355359085 
 407.556479 	 0 	 0 	 0 	 0.740877510038765 	 6.62705939319146E-03 	 0.734250450645574 
 407.839073 	 0 	 0 	 0 	 0.740405885970109 	 6.60992843936751E-03 	 0.733795957530742 
 408.121864 	 0 	 0 	 0 	 0.739934731323094 	 6.59284383521899E-03 	 0.733341887487875 
 408.40485 	 0 	 0 	 0 	 0.739464045463813 	 6.5758054500575E-03 	 0.732888240013756 
 408.688033 	 0 	 0 	 0 	 0.738993815634821 	 6.55881296604142E-03 	 0.73243500266878 
 408.971412 	 0 	 0 	 0 	 0.738524041229699 	 6.54186625465151E-03 	 0.731982174975047 
 409.254988 	 0 	 0 	 0 	 0.738054745858275 	 6.52496556094579E-03 	 0.73152978029733 
 409.53876 	 0 	 0 	 0 	 0.737585892567828 	 6.50811019594902E-03 	 0.731077782371879 
 409.822729 	 0 	 0 	 0 	 0.737117517052457 	 6.49130059067593E-03 	 0.730626216461781 
 410.106895 	 0 	 0 	 0 	 0.736649594494476 	 6.47453624490198E-03 	 0.730175058249574 
 410.391258 	 0 	 0 	 0 	 0.736182136366288 	 6.45781721672294E-03 	 0.729724319149565 
 410.675818 	 0 	 0 	 0 	 0.735715129976726 	 6.44114319418644E-03 	 0.729273986782539 
 410.960576 	 0 	 0 	 0 	 0.735248586783319 	 6.42451423520673E-03 	 0.728824072548112 
 411.245531 	 0 	 0 	 0 	 0.734782494113747 	 6.40793002949234E-03 	 0.728374564084255 
 411.530683 	 0 	 0 	 0 	 0.734316863410691 	 6.39139063477641E-03 	 0.727925472775915 
 411.816033 	 0 	 0 	 0 	 0.733851694052429 	 6.3748959248759E-03 	 0.727476798127553 
 412.101581 	 0 	 0 	 0 	 0.733386973394849 	 6.35844559197497E-03 	 0.727028527802874 
 412.387328 	 0 	 0 	 0 	 0.732922724873434 	 6.34203987508665E-03 	 0.726580684998347 
 412.673272 	 0 	 0 	 0 	 0.732458911824417 	 6.32567810448262E-03 	 0.726133233719934 
 412.959414 	 0 	 0 	 0 	 0.731995569675148 	 6.30936070009501E-03 	 0.725686208975053 
 413.245755 	 0 	 0 	 0 	 0.731532673803991 	 6.29308717582869E-03 	 0.725239586628163 
 413.532294 	 0 	 0 	 0 	 0.731055811755906 	 6.27571632847914E-03 	 0.724780095427426 
 413.819033 	 0 	 0 	 0 	 0.730573254353651 	 6.25790454926881E-03 	 0.724315349804382 
 414.10597 	 0 	 0 	 0 	 0.730091194617734 	 6.24014418442029E-03 	 0.723851050433314 
 414.393105 	 0 	 0 	 0 	 0.729609631809608 	 0.006222435082157 	 0.723387196727451 
 414.68044 	 0 	 0 	 0 	 0.729128584820586 	 6.20477711089031E-03 	 0.722923807709695 
 414.967975 	 0 	 0 	 0 	 0.728648033263763 	 6.18717009995737E-03 	 0.722460863163805 
 415.255708 	 0 	 0 	 0 	 0.728167976404576 	 6.16961389895966E-03 	 0.721998362505616 
 415.543641 	 0 	 0 	 0 	 0.727688433104617 	 6.15210837756373E-03 	 0.721536324727053 
 415.831774 	 0 	 0 	 0 	 0.727209383014674 	 6.13465336659501E-03 	 0.721074729648079 
 416.120107 	 0 	 0 	 0 	 0.726730835190339 	 0.006117248726785 	 0.720613586463554 
 416.408639 	 0 	 0 	 0 	 0.726252779104916 	 6.09989429974835E-03 	 0.720152884805167 
 416.697372 	 0 	 0 	 0 	 0.725775233580366 	 6.08258995680548E-03 	 0.719692643623561 
 416.986304 	 0 	 0 	 0 	 0.725298178317662 	 6.06533553074596E-03 	 0.719232842786916 
 417.275437 	 0 	 0 	 0 	 0.724821612591454 	 6.0481308743369E-03 	 0.718773481717117 
 417.564771 	 0 	 0 	 0 	 0.724345555193985 	 6.03097586012454E-03 	 0.718314579333861 
 417.854305 	 0 	 0 	 0 	 0.723869985863803 	 6.01387032235648E-03 	 0.717856115541447 
 418.14404 	 0 	 0 	 0 	 0.723394913626402 	 5.99681412476235E-03 	 0.71739809950164 
 418.433976 	 0 	 0 	 0 	 0.722920328003496 	 5.97980711222091E-03 	 0.716940520891275 
 418.724113 	 0 	 0 	 0 	 0.722446247747705 	 5.96284915889374E-03 	 0.716483398588811 
 419.014451 	 0 	 0 	 0 	 0.7219726526476 	 5.94594010095251E-03 	 0.716026712546647 
 419.30499 	 0 	 0 	 0 	 0.721499551711454 	 5.9290798038098E-03 	 0.715570471907644 
 419.595731 	 0 	 0 	 0 	 0.721026934488547 	 5.91226811417862E-03 	 0.715114666374368 
 419.886673 	 0 	 0 	 0 	 0.720554819691889 	 5.89550490781427E-03 	 0.714659314784074 
 420.177818 	 0 	 0 	 0 	 0.720083187159978 	 5.8787900227901E-03 	 0.714204397137188 
 420.469164 	 0 	 0 	 0 	 0.719612045883847 	 5.86212332617981E-03 	 0.713749922557667 
 420.760712 	 0 	 0 	 0 	 0.719141395136864 	 5.84550467595956E-03 	 0.713295890460904 
 421.052462 	 0 	 0 	 0 	 0.718671224502678 	 5.82893392110426E-03 	 0.712842290581574 
 421.344414 	 0 	 0 	 0 	 0.718201552644787 	 5.81241093933141E-03 	 0.712389141705455 
 421.636569 	 0 	 0 	 0 	 0.717732359463979 	 5.79593557106014E-03 	 0.711936423892919 
 421.928927 	 0 	 0 	 0 	 0.717263644255469 	 5.77950767603751E-03 	 0.711484136579432 
 422.221487 	 0 	 0 	 0 	 0.716795425653052 	 5.76312713314258E-03 	 0.71103229851991 
 422.51425 	 0 	 0 	 0 	 0.7163276932579 	 5.74679379351978E-03 	 0.71058089946438 
 422.807216 	 0 	 0 	 0 	 0.715860436694769 	 5.73050750881333E-03 	 0.710129929185955 
 423.100385 	 0 	 0 	 0 	 0.715393664915834 	 5.71426814975676E-03 	 0.709679396766077 
 423.393758 	 0 	 0 	 0 	 0.714927377205868 	 5.69807557814947E-03 	 0.709229301627719 
 423.687334 	 0 	 0 	 0 	 0.714461572850901 	 5.68192965620903E-03 	 0.708779643194692 
 423.981113 	 0 	 0 	 0 	 0.713996241503008 	 5.66583023733243E-03 	 0.708330411265675 
 424.275097 	 0 	 0 	 0 	 0.7135314017267 	 5.64977720306405E-03 	 0.707881624523636 
 424.569284 	 0 	 0 	 0 	 0.713067033546915 	 5.63377039841251E-03 	 0.707433263148503 
 424.863675 	 0 	 0 	 0 	 0.712603145889878 	 5.61780969649266E-03 	 0.706985336193385 
 425.15827 	 0 	 0 	 0 	 0.712139738047848 	 5.60189496159352E-03 	 0.706537843086254 
 425.453069 	 0 	 0 	 0 	 0.711676809314327 	 5.58602605841456E-03 	 0.706090783255913 
 425.748073 	 0 	 0 	 0 	 0.711214358984056 	 5.57020285206437E-03 	 0.705644156131992 
 426.043281 	 0 	 0 	 0 	 0.710752376756765 	 5.55442519895669E-03 	 0.705197951557808 
 426.338694 	 0 	 0 	 0 	 0.710290881127705 	 5.53869298323929E-03 	 0.704752188144466 
 426.634312 	 0 	 0 	 0 	 0.709829852208382 	 5.52300605305418E-03 	 0.704306846155328 
 426.930135 	 0 	 0 	 0 	 0.7093692988947 	 5.50736428423657E-03 	 0.703861934610463 
 427.226163 	 0 	 0 	 0 	 0.708909220487538 	 5.49176754392165E-03 	 0.703417452943616 
 427.522396 	 0 	 0 	 0 	 0.708449616289002 	 5.4762156996462E-03 	 0.702973400589356 
 427.818835 	 0 	 0 	 0 	 0.707990485602417 	 5.46070861934726E-03 	 0.70252977698307 
 428.115479 	 0 	 0 	 0 	 0.707531827732324 	 5.44524617136098E-03 	 0.702086581560963 
 428.412329 	 0 	 0 	 0 	 0.707073632432671 	 5.42982821547133E-03 	 0.7016438042172 
 428.709385 	 0 	 0 	 0 	 0.706615918119588 	 5.41445463872763E-03 	 0.701201463480861 
 429.006647 	 0 	 0 	 0 	 0.706158665003184 	 5.39912529277486E-03 	 0.700759539710409 
 429.304115 	 0 	 0 	 0 	 0.705701891479812 	 5.38384006537561E-03 	 0.700318051414437 
 429.601789 	 0 	 0 	 0 	 0.705245577784177 	 5.36859880903788E-03 	 0.699876978975139 
 429.899669 	 0 	 0 	 0 	 0.704789732768778 	 5.35340140337786E-03 	 0.699436331365401 
 430.197756 	 0 	 0 	 0 	 0.704334355746602 	 5.33824771949032E-03 	 0.698996108027111 
 430.49605 	 0 	 0 	 0 	 0.703879446031829 	 5.32313762885919E-03 	 0.698556308402969 
 430.79455 	 0 	 0 	 0 	 0.703822029023745 	 5.31046879921115E-03 	 0.698511560224534 
 431.093258 	 0 	 0 	 0 	 0.703861073178566 	 5.29841441116575E-03 	 0.6985626587674 
 431.392173 	 0 	 0 	 0 	 0.703900897905263 	 5.28639557782226E-03 	 0.69861450232744 
 431.691295 	 0 	 0 	 0 	 0.703941503394928 	 5.27441219791416E-03 	 0.698667091197014 
 431.990624 	 0 	 0 	 0 	 0.703982889839996 	 5.26246417049511E-03 	 0.698720425669501 
 432.290161 	 0 	 0 	 0 	 0.704025057434222 	 5.25055139493792E-03 	 0.698774506039284 
 432.589905 	 0 	 0 	 0 	 0.704068006372667 	 5.23867377093348E-03 	 0.698829332601733 
 432.889858 	 0 	 0 	 0 	 0.704111677947779 	 5.22683089352509E-03 	 0.698884847054254 
 433.190018 	 0 	 0 	 0 	 0.704156190139213 	 5.21502327313371E-03 	 0.698941166866079 
 433.490387 	 0 	 0 	 0 	 0.704201484267635 	 5.20325050526568E-03 	 0.698998233762369 
 433.790964 	 0 	 0 	 0 	 0.704247501551784 	 5.19151218640988E-03 	 0.699055989365374 
 434.091749 	 0 	 0 	 0 	 0.704294360129742 	 5.17980882692673E-03 	 0.699114551302816 
 434.392743 	 0 	 0 	 0 	 0.704342001248531 	 5.16814002376411E-03 	 0.699173861224767 
 434.693945 	 0 	 0 	 0 	 0.704390366052483 	 5.15650537484155E-03 	 0.699233860677641 
 434.995356 	 0 	 0 	 0 	 0.704439572838985 	 5.14490539046172E-03 	 0.699294667448523 
 435.296977 	 0 	 0 	 0 	 0.704489562780712 	 5.13333966899916E-03 	 0.699356223111713 
 435.598806 	 0 	 0 	 0 	 0.704540336084734 	 5.1218081132705E-03 	 0.699418527971464 
 435.900845 	 0 	 0 	 0 	 0.704591833795085 	 5.11031032307968E-03 	 0.699481523472005 
 436.203093 	 0 	 0 	 0 	 0.704644174422917 	 5.09884680865698E-03 	 0.69954532761426 
 436.505551 	 0 	 0 	 0 	 0.704697299040674 	 5.0874171702561E-03 	 0.699609881870418 
 436.808218 	 0 	 0 	 0 	 0.704751207859678 	 5.0760213119162E-03 	 0.699675186547762 
 437.111096 	 0 	 0 	 0 	 0.704805901092257 	 5.06465913797963E-03 	 0.699741241954277 
 437.414183 	 0 	 0 	 0 	 0.704861319655305 	 5.05333025056901E-03 	 0.699807989404736 
 437.717481 	 0 	 0 	 0 	 0.704917582329327 	 5.04203515983173E-03 	 0.699875547169496 
 438.020988 	 0 	 0 	 0 	 0.704974630059707 	 5.03077346833372E-03 	 0.699943856591373 
 438.324707 	 0 	 0 	 0 	 0.705032522439097 	 5.01954538367163E-03 	 0.700012977055426 
 438.628635 	 0 	 0 	 0 	 0.705091140958369 	 5.00835020743139E-03 	 0.700082790750937 
 438.932775 	 0 	 0 	 0 	 0.70515054518521 	 4.99718814796175E-03 	 0.700153357037248 
 439.237126 	 0 	 0 	 0 	 0.705210735338418 	 4.9860591117005E-03 	 0.700224676226718 
 439.541687 	 0 	 0 	 0 	 0.705271771121684 	 4.97496330681356E-03 	 0.700296807814871 
 439.84646 	 0 	 0 	 0 	 0.705333533814362 	 4.96390003731064E-03 	 0.700369633777052 
 440.151444 	 0 	 0 	 0 	 0.705396142632956 	 4.95286981322682E-03 	 0.700443272819729 
 440.456639 	 0 	 0 	 0 	 0.705459478750235 	 4.94187193977019E-03 	 0.700517606810465 
 440.762046 	 0 	 0 	 0 	 0.705523661492572 	 4.93090692695089E-03 	 0.700592754565621 
 441.067665 	 0 	 0 	 0 	 0.705588631545408 	 4.91997438184056E-03 	 0.700668657163567 
 441.373496 	 0 	 0 	 0 	 0.70565438913306 	 4.90907421292798E-03 	 0.700745314920132 
 441.679539 	 0 	 0 	 0 	 0.705720934480516 	 4.8982063289909E-03 	 0.700822728151526 
 441.985794 	 0 	 0 	 0 	 0.705788267813408 	 4.88737063909519E-03 	 0.700900897174313 
 442.292261 	 0 	 0 	 0 	 0.705856449087405 	 4.87656735267289E-03 	 0.700979881734733 
 442.598941 	 0 	 0 	 0 	 0.70592535909806 	 4.86579577905796E-03 	 0.701059563319002 
 442.905834 	 0 	 0 	 0 	 0.705995117559281 	 4.85505642818725E-03 	 0.701140061131094 
 443.212939 	 0 	 0 	 0 	 0.706065605157555 	 4.84434861055297E-03 	 0.701221256547003 
 443.520257 	 0 	 0 	 0 	 0.706136941718254 	 4.83367283607393E-03 	 0.70130326888218 
 443.827789 	 0 	 0 	 0 	 0.706209067685947 	 4.8230287157417E-03 	 0.701386038970206 
 444.135533 	 0 	 0 	 0 	 0.706282043185761 	 0.004812416459821 	 0.70146962672594 
 444.443491 	 0 	 0 	 0 	 0.706355748684557 	 4.80183538109595E-03 	 0.701553913303461 
 444.751663 	 0 	 0 	 0 	 0.706430244280486 	 4.79128569053588E-03 	 0.701638958589951 
 445.060048 	 0 	 0 	 0 	 0.706505590183713 	 4.78076759881746E-03 	 0.701724822584896 
 445.368647 	 0 	 0 	 0 	 0.706581726702185 	 4.77028071905632E-03 	 0.701811445983129 
 445.67746 	 0 	 0 	 0 	 0.706658654067585 	 4.75982496370808E-03 	 0.701898829103877 
 445.986487 	 0 	 0 	 0 	 0.706736372511892 	 4.74940024550471E-03 	 0.701986972266388 
 446.295729 	 0 	 0 	 0 	 0.706814942359216 	 4.73900677567082E-03 	 0.702075935583545 
 446.605185 	 0 	 0 	 0 	 0.706894243686613 	 4.72864387091541E-03 	 0.702165599815698 
 446.914855 	 0 	 0 	 0 	 0.706974396938879 	 4.71831204109111E-03 	 0.702256084897788 
 447.22474 	 0 	 0 	 0 	 0.70705534225722 	 4.70801090181123E-03 	 0.702347331355408 
 447.53484 	 0 	 0 	 0 	 0.707137079874854 	 4.69774036717818E-03 	 0.702439339507676 
 447.845155 	 0 	 0 	 0 	 0.707219670258854 	 4.6875006490957E-03 	 0.702532169609758 
 448.155686 	 0 	 0 	 0 	 0.707302993203735 	 4.67729106701154E-03 	 0.702625702136723 
 448.466431 	 0 	 0 	 0 	 0.707387169439108 	 4.66711213076514E-03 	 0.702720057308343 
 448.777392 	 0 	 0 	 0 	 0.707472138964942 	 4.65696345800971E-03 	 0.702815175506932 
 449.088569 	 0 	 0 	 0 	 0.707557962363146 	 4.64684526118873E-03 	 0.702911117101958 
 449.399961 	 0 	 0 	 0 	 0.707644519199735 	 4.63675686190246E-03 	 0.703007762337832 
 449.71157 	 0 	 0 	 0 	 0.707731930433598 	 4.62669876998794E-03 	 0.70310523166361 
 450.023394 	 0 	 0 	 0 	 0.707820135950212 	 4.61667060470358E-03 	 0.703203465345508 
 450.335434 	 0 	 0 	 0 	 0.707909196446677 	 4.60667257902929E-03 	 0.703302523867648 
 450.647691 	 0 	 0 	 0 	 0.707998991258273 	 4.5967040166834E-03 	 0.70340228724159 
 450.960165 	 0 	 0 	 0 	 0.70808341358235 	 4.58641496293809E-03 	 0.703496998619412 
 451.272855 	 0 	 0 	 0 	 0.70813721586911 	 0.004574407678442 	 0.703562808190668 
 451.585762 	 0 	 0 	 0 	 0.708191322116301 	 4.56243354745611E-03 	 0.703628888568845 
 451.898886 	 0 	 0 	 0 	 0.708245614845654 	 4.55049227562811E-03 	 0.703695122570026 
 452.212227 	 0 	 0 	 0 	 0.708300204169562 	 4.53858395047828E-03 	 0.703761620219083 
 452.525785 	 0 	 0 	 0 	 0.708355086313047 	 4.52670846854428E-03 	 0.703828377844503 
 452.839561 	 0 	 0 	 0 	 0.7084101438894 	 4.51486553781554E-03 	 0.703895278351585 
 453.153554 	 0 	 0 	 0 	 0.708465486771092 	 4.50305524522837E-03 	 0.703962431525864 
 453.467765 	 0 	 0 	 0 	 0.708521054370758 	 4.49127739426172E-03 	 0.704029776976496 
 453.782194 	 0 	 0 	 0 	 0.708576899603995 	 4.47953197703593E-03 	 0.704097367626959 
 454.096841 	 0 	 0 	 0 	 0.708632961889498 	 4.46781879809529E-03 	 0.704165143091402 
 454.411706 	 0 	 0 	 0 	 0.708689237385308 	 4.45613775644775E-03 	 0.70423309962886 
 454.726789 	 0 	 0 	 0 	 0.708745722224212 	 4.44448875138769E-03 	 0.704301233472824 
 455.042091 	 0 	 0 	 0 	 0.708802469101093 	 4.43287177520495E-03 	 0.704369597325888 
 455.357612 	 0 	 0 	 0 	 0.708859417449097 	 4.42128663456403E-03 	 0.704438130814533 
 455.673351 	 0 	 0 	 0 	 0.708916563323287 	 4.40973322961211E-03 	 0.704506830093674 
 455.989309 	 0 	 0 	 0 	 0.70897395924774 	 4.3982115527538E-03 	 0.704575747694986 
 456.305486 	 0 	 0 	 0 	 0.709031544667528 	 4.38672141223436E-03 	 0.704644823255293 
 456.621883 	 0 	 0 	 0 	 0.709089371990092 	 4.37526280052899E-03 	 0.704714109189563 
 456.938499 	 0 	 0 	 0 	 0.709147380668778 	 4.36383552693227E-03 	 0.704783545141845 
 457.255334 	 0 	 0 	 0 	 0.709205566625233 	 4.3524394929922E-03 	 0.70485312713224 
 457.572389 	 0 	 0 	 0 	 0.709263982088666 	 4.3410746912814E-03 	 0.704922907397385 
 457.889664 	 0 	 0 	 0 	 0.709322566526302 	 4.32974093266222E-03 	 0.70499282559364 
 458.207159 	 0 	 0 	 0 	 0.709381315777742 	 4.31843811951121E-03 	 0.705062877658231 
 458.524874 	 0 	 0 	 0 	 0.709440281889406 	 4.30716624448805E-03 	 0.705133115644918 
 458.84281 	 0 	 0 	 0 	 0.709499404343618 	 4.29592512001529E-03 	 0.705203479223603 
 459.160966 	 0 	 0 	 0 	 0.709558678896281 	 4.28471464928912E-03 	 0.705273964246991 
 459.479342 	 0 	 0 	 0 	 0.709618157406375 	 4.27353482504597E-03 	 0.705344622581329 
 459.797939 	 0 	 0 	 0 	 0.709677835468541 	 4.26238555028297E-03 	 0.705415449918258 
 460.116757 	 0 	 0 	 0 	 0.709737596525995 	 4.25126655071634E-03 	 0.705486329975279 
 460.435797 	 0 	 0 	 0 	 0.709797604401347 	 4.24017799694512E-03 	 0.705557426404402 
 460.755057 	 0 	 0 	 0 	 0.709857686525293 	 4.22911952718793E-03 	 0.705628566998106 
 461.074539 	 0 	 0 	 0 	 0.709917950494044 	 4.21809122306074E-03 	 0.705699859270984 
 461.394242 	 0 	 0 	 0 	 0.709978391751582 	 4.20709298889477E-03 	 0.705771298762687 
 461.714167 	 0 	 0 	 0 	 0.710038949832234 	 4.19612464174865E-03 	 0.705842825190486 
 462.034314 	 0 	 0 	 0 	 0.710099620229559 	 4.18518608722453E-03 	 0.705914434142334 
 462.354683 	 0 	 0 	 0 	 0.710160454210392 	 4.17427731822691E-03 	 0.705986176892165 
 462.675274 	 0 	 0 	 0 	 0.71022139132945 	 4.16339815334583E-03 	 0.706057993176104 
 462.996087 	 0 	 0 	 0 	 0.710282482715815 	 4.15254858551056E-03 	 0.706129934130305 
 463.317122 	 0 	 0 	 0 	 0.710343667938226 	 4.14172843432807E-03 	 0.706201939503898 
 463.638381 	 0 	 0 	 0 	 0.710404997985753 	 4.13093769274794E-03 	 0.706274060293005 
 463.959862 	 0 	 0 	 0 	 0.710466412441795 	 4.12017618139108E-03 	 0.706346236260404 
 464.281566 	 0 	 0 	 0 	 0.710527906585043 	 4.10944380767776E-03 	 0.706418462777365 
 464.603493 	 0 	 0 	 0 	 0.710589531190814 	 4.0987405645798E-03 	 0.706490790626234 
 464.925643 	 0 	 0 	 0 	 0.710651281353123 	 4.08806635927917E-03 	 0.706563214993843 
 465.248017 	 0 	 0 	 0 	 0.710713096686671 	 4.0774210144159E-03 	 0.706635675672255 
 465.570614 	 0 	 0 	 0 	 0.710775027746662 	 4.06680452297334E-03 	 0.706708223223689 
 465.893435 	 0 	 0 	 0 	 0.710837014164465 	 4.05621670859679E-03 	 0.706780797455868 
 466.216479 	 0 	 0 	 0 	 0.710899051026246 	 4.04565748022856E-03 	 0.706853393546018 
 466.539748 	 0 	 0 	 0 	 0.710961188662908 	 4.03512683085406E-03 	 0.706926061832054 
 466.863241 	 0 	 0 	 0 	 0.71102342196654 	 4.02462466916264E-03 	 0.706998797297377 
 467.186958 	 0 	 0 	 0 	 0.711085690603949 	 4.01415082080169E-03 	 0.707071539783148 
 467.510899 	 0 	 0 	 0 	 0.711148044675144 	 4.00370527874803E-03 	 0.707144339396396 
 467.835066 	 0 	 0 	 0 	 0.711210423865734 	 3.99328786964607E-03 	 0.707217135996088 
 468.159457 	 0 	 0 	 0 	 0.711272878119122 	 3.98289858646147E-03 	 0.707289979532661 
 468.484072 	 0 	 0 	 0 	 0.711335347140464 	 3.97253725683296E-03 	 0.707362809883631 
 468.808913 	 0 	 0 	 0 	 0.711397880714077 	 3.96220387371068E-03 	 0.707435676840366 
 469.13398 	 0 	 0 	 0 	 0.711460418565413 	 3.95189826572498E-03 	 0.707508520299688 
 469.459271 	 0 	 0 	 0 	 0.711523010317199 	 3.94162042580607E-03 	 0.707581389891393 
 469.784788 	 0 	 0 	 0 	 0.71158565054327 	 3.93137026484314E-03 	 0.707654280278427 
 470.110531 	 0 	 0 	 0 	 0.711648279000351 	 3.92114761294893E-03 	 0.707727131387402 
 470.4365 	 0 	 0 	 0 	 0.711710945063366 	 3.91095246301496E-03 	 0.707799992600351 
 470.762695 	 0 	 0 	 0 	 0.711773588511291 	 3.90078464613924E-03 	 0.707872803865151 
 471.089116 	 0 	 0 	 0 	 0.711836258551037 	 3.89064415518229E-03 	 0.707945614395855 
 471.415763 	 0 	 0 	 0 	 0.71189889498465 	 3.88053082222497E-03 	 0.708018364162425 
 471.742637 	 0 	 0 	 0 	 0.713330662654369 	 3.88230177137091E-03 	 0.709448360882998 
 472.069737 	 0 	 0 	 0 	 0.715120255267592 	 3.88717734388211E-03 	 0.71123307792371 
 472.397065 	 0 	 0 	 0 	 0.716920475310914 	 3.89214867988819E-03 	 0.713028326631026 
 472.724619 	 0 	 0 	 0 	 0.71873162818264 	 3.89721807145861E-03 	 0.714834410111181 
 473.0524 	 0 	 0 	 0 	 0.720553808868932 	 3.90238638326404E-03 	 0.716651422485667 
 473.380409 	 0 	 0 	 0 	 0.722386897205323 	 3.90765300716056E-03 	 0.718479244198162 
 473.708645 	 0 	 0 	 0 	 0.724231204810977 	 3.91302030294655E-03 	 0.720318184508031 
 474.037108 	 0 	 0 	 0 	 0.726086611866699 	 3.91848767127336E-03 	 0.722168124195426 
 474.3658 	 0 	 0 	 0 	 0.727953434254601 	 3.92405751865011E-03 	 0.724029376735951 
 474.694719 	 0 	 0 	 0 	 0.729831772774935 	 3.92973077975322E-03 	 0.725902041995182 
 475.023866 	 0 	 0 	 0 	 0.731721508206437 	 3.9355068697123E-03 	 0.727786001336725 
 475.353242 	 0 	 0 	 0 	 0.733622963031612 	 3.94138826784993E-03 	 0.729681574763763 
 475.682846 	 0 	 0 	 0 	 0.735536241756541 	 3.9473759539552E-03 	 0.731588865802586 
 476.012679 	 0 	 0 	 0 	 0.737461225844756 	 3.95346935911132E-03 	 0.733507756485644 
 476.34274 	 0 	 0 	 0 	 0.739398244621853 	 3.95967103875013E-03 	 0.735438573583103 
 476.67303 	 0 	 0 	 0 	 0.741347406469861 	 3.96598202024844E-03 	 0.737381424449612 
 477.003549 	 0 	 0 	 0 	 0.743308593630144 	 3.97240175223486E-03 	 0.739336191877909 
 477.334297 	 0 	 0 	 0 	 0.745282142525921 	 3.97893286974305E-03 	 0.741303209656178 
 477.665275 	 0 	 0 	 0 	 0.747268165594597 	 3.9855764503757E-03 	 0.743282589144221 
 477.996482 	 0 	 0 	 0 	 0.749266545955031 	 3.99233196202475E-03 	 0.745274213993006 
 478.327919 	 0 	 0 	 0 	 0.751277859215495 	 3.99920376106267E-03 	 0.747278655454433 
 478.659585 	 0 	 0 	 0 	 0.753301759526085 	 4.00618971303298E-03 	 0.749295569813052 
 478.991482 	 0 	 0 	 0 	 0.755338361711259 	 4.01329093412648E-03 	 0.751325070777132 
 479.323609 	 0 	 0 	 0 	 0.757388017204093 	 4.02051022991983E-03 	 0.753367506974173 
 479.655966 	 0 	 0 	 0 	 0.759450847131455 	 4.0278487870991E-03 	 0.755422998344356 
 479.988553 	 0 	 0 	 0 	 0.761526974158242 	 0.004035307811855 	 0.757491666346387 
 480.321371 	 0 	 0 	 0 	 0.763616522511555 	 4.04288853025107E-03 	 0.759573633981304 
 480.65442 	 0 	 0 	 0 	 0.765719378213663 	 4.05059047127291E-03 	 0.76166878774239 
 480.9877 	 0 	 0 	 0 	 0.767835906122132 	 4.05841659554687E-03 	 0.763777489526585 
 481.32121 	 0 	 0 	 0 	 0.769966235268152 	 4.06636819065839E-03 	 0.765899867077493 
 481.654952 	 0 	 0 	 0 	 0.772110252982337 	 4.07444481242768E-03 	 0.76803580816991 
 481.988926 	 0 	 0 	 0 	 0.77426857716296 	 4.08265128585423E-03 	 0.770185925877105 
 482.323131 	 0 	 0 	 0 	 0.776440853948524 	 4.09098544517013E-03 	 0.772349868503353 
 482.657568 	 0 	 0 	 0 	 0.778627462512939 	 4.09945041893305E-03 	 0.774528012094006 
 482.992237 	 0 	 0 	 0 	 0.780828292158049 	 4.10804580274732E-03 	 0.776720246355302 
 483.327137 	 0 	 0 	 0 	 0.783043977568203 	 4.11677661166057E-03 	 0.778927200956542 
 483.66227 	 0 	 0 	 0 	 0.785274162113597 	 4.12564067292947E-03 	 0.781148521440667 
 483.997636 	 0 	 0 	 0 	 0.787519237108671 	 4.13464125958177E-03 	 0.78338459584909 
 484.333234 	 0 	 0 	 0 	 0.789779347476316 	 4.14377986673572E-03 	 0.78563556760958 
 484.669064 	 0 	 0 	 0 	 0.792054385372948 	 4.15305614676302E-03 	 0.787901329226185 
 485.005128 	 0 	 0 	 0 	 0.794345007645483 	 4.16247536912995E-03 	 0.790182532276353 
 485.341424 	 0 	 0 	 0 	 0.796650854355776 	 4.17203535662704E-03 	 0.792478818999149 
 485.677954 	 0 	 0 	 0 	 0.798972332942552 	 4.18173957705551E-03 	 0.794790593365496 
 486.014717 	 0 	 0 	 0 	 0.801309598206707 	 4.19158965755225E-03 	 0.797118008549155 
 486.351713 	 0 	 0 	 0 	 0.803662545632738 	 4.20158531597733E-03 	 0.799460960316761 
 486.688943 	 0 	 0 	 0 	 0.806031855634963 	 4.21173209667891E-03 	 0.801820123538284 
 487.026407 	 0 	 0 	 0 	 0.808417165160067 	 4.22202782340091E-03 	 0.804195137336666 
 487.364105 	 0 	 0 	 0 	 0.810819164485456 	 4.23247815686581E-03 	 0.80658668632859 
 487.702038 	 0 	 0 	 0 	 0.813237489391004 	 4.24308092314278E-03 	 0.808994408467861 
 488.040204 	 0 	 0 	 0 	 0.815672571832592 	 4.25383989242727E-03 	 0.811418731940164 
 488.378605 	 0 	 0 	 0 	 0.818124581891332 	 4.2647569004298E-03 	 0.813859824990902 
 488.717241 	 0 	 0 	 0 	 0.820593420635586 	 4.27583177395641E-03 	 0.816317588861629 
 489.056111 	 0 	 0 	 0 	 0.823079804084711 	 4.28707048107225E-03 	 0.818792733603639 
 489.395216 	 0 	 0 	 0 	 0.825583639565283 	 4.29847293069921E-03 	 0.821285166634584 
 489.734557 	 0 	 0 	 0 	 0.828104830922557 	 4.31003900355188E-03 	 0.823794791919006 
 490.074133 	 0 	 0 	 0 	 0.83064383311365 	 4.32177276023912E-03 	 0.826322060353411 
 490.413944 	 0 	 0 	 0 	 0.83320083081054 	 4.33367624040893E-03 	 0.828867154570131 
 490.753991 	 0 	 0 	 0 	 0.835776011271997 	 4.34575152032889E-03 	 0.831430259751668 
 491.094274 	 0 	 0 	 0 	 0.838369564388188 	 4.35800071366091E-03 	 0.834011563674527 
 491.434792 	 0 	 0 	 0 	 0.840981682726213 	 4.37042597225552E-03 	 0.836611256753958 
 491.775547 	 0 	 0 	 0 	 0.843612561576548 	 4.38302948696579E-03 	 0.839229532089582 
 492.116538 	 0 	 0 	 0 	 0.846262399000445 	 4.39581348848195E-03 	 0.841866585511963 
 492.457765 	 0 	 0 	 0 	 0.848931395878298 	 4.40878024818676E-03 	 0.844522615630111 
 492.799229 	 0 	 0 	 0 	 0.851619465871815 	 4.42192983786945E-03 	 0.847197536033945 
 493.14093 	 0 	 0 	 0 	 0.854327394157197 	 4.43526907723173E-03 	 0.849892125079966 
 493.482868 	 0 	 0 	 0 	 0.857054808498052 	 4.44879586425352E-03 	 0.852606012633799 
 493.825043 	 0 	 0 	 0 	 0.859802506726693 	 4.46251717854205E-03 	 0.855339989548151 
 494.167455 	 0 	 0 	 0 	 0.862570115972307 	 4.47643093459093E-03 	 0.858093685037716 
 494.510104 	 0 	 0 	 0 	 0.86535844707565 	 4.4905442776573E-03 	 0.860867902797993 
 494.852991 	 0 	 0 	 0 	 0.868167126610178 	 4.50485514083373E-03 	 0.863662271469344 
 495.196116 	 0 	 0 	 0 	 0.87099667667362 	 4.5193684685638E-03 	 0.866477308205057 
 495.539479 	 0 	 0 	 0 	 0.873847629717812 	 4.5340893321945E-03 	 0.869313540385618 
 495.88308 	 0 	 0 	 0 	 0.876719611641778 	 4.54901569694084E-03 	 0.872170595944837 
 496.226919 	 0 	 0 	 0 	 0.881338025139844 	 4.58701060301339E-03 	 0.876751014536831 
 496.570997 	 0 	 0 	 0 	 0.886879658794522 	 4.63739223701887E-03 	 0.882242266557503 
 496.915313 	 0 	 0 	 0 	 0.892470808109568 	 4.68864240883715E-03 	 0.887782165700731 
 497.259868 	 0 	 0 	 0 	 0.898112433523869 	 4.7407843957418E-03 	 0.893371649128127 
 497.604661 	 0 	 0 	 0 	 0.903805505352757 	 4.79384222171817E-03 	 0.899011663131038 
 497.949694 	 0 	 0 	 0 	 0.909549335655932 	 4.84782304620855E-03 	 0.904701512609723 
 498.294966 	 0 	 0 	 0 	 0.915345432795325 	 4.90275760558735E-03 	 0.910442675189737 
 498.640478 	 0 	 0 	 0 	 0.92119307120546 	 4.9586535448173E-03 	 0.916234417660642 
 498.986229 	 0 	 0 	 0 	 0.927093185807733 	 5.01553667015168E-03 	 0.922077649137581 
 499.33222 	 0 	 0 	 0 	 0.933046716927174 	 5.07343360936379E-03 	 0.927973283317811 
 499.67845 	 0 	 0 	 0 	 0.939053452301727 	 5.13235912481631E-03 	 0.93392109317691 
 500.024921 	 0 	 0 	 0 	 0.945113146151439 	 5.19232804358446E-03 	 0.939920818107854 
 500.371632 	 0 	 0 	 0 	 0.951227280907362 	 5.25337493017778E-03 	 0.945973905977185 
 500.718583 	 0 	 0 	 0 	 0.957395580772184 	 5.31551565283621E-03 	 0.952080065119348 
 501.065775 	 0 	 0 	 0 	 0.963618328872117 	 5.37877291759868E-03 	 0.958239555954518 
 501.413208 	 0 	 0 	 0 	 0.969895787081599 	 5.44316991856235E-03 	 0.964452617163036 
 501.760882 	 0 	 0 	 0 	 0.9762281942775 	 5.50873034473594E-03 	 0.970719463932764 
 502.108797 	 0 	 0 	 0 	 0.982615764489351 	 5.57547838660833E-03 	 0.977040286102743 
 502.456952 	 0 	 0 	 0 	 0.989058684939997 	 5.64343874238873E-03 	 0.983415246197608 
 502.80535 	 0 	 0 	 0 	 0.995557113970891 	 5.7126366238713E-03 	 0.98984447734702 
 503.153989 	 0 	 0 	 0 	 1.00211117884591 	 5.78309776187257E-03 	 0.996328081084034 
 503.502869 	 0 	 0 	 0 	 1.00872097342732 	 5.85484841118603E-03 	 1.00286612501613 
 503.851992 	 0 	 0 	 0 	 1.01538782606536 	 5.92793078685108E-03 	 1.00945989527851 
 504.201357 	 0 	 0 	 0 	 1.02210922516291 	 6.0023415974719E-03 	 1.01610688356544 
 504.550964 	 0 	 0 	 0 	 1.02888640983451 	 6.07812387376446E-03 	 1.02280828596075 
 504.900813 	 0 	 0 	 0 	 1.03572061327519 	 6.1553222223957E-03 	 1.02956529105279 
 505.250905 	 0 	 0 	 0 	 1.04261044253997 	 6.23394989807318E-03 	 1.0363764926419 
 505.601239 	 0 	 0 	 0 	 1.04955441617251 	 6.31401961559899E-03 	 1.04324039655692 
 505.951817 	 0 	 0 	 0 	 1.05655494328139 	 6.39559465270105E-03 	 1.05015934862869 
 506.302638 	 0 	 0 	 0 	 1.06361044051049 	 6.47868908013068E-03 	 1.05713175143036 
 506.653701 	 0 	 0 	 0 	 1.07072057168171 	 6.56333399491534E-03 	 1.0641572376868 
 507.005009 	 0 	 0 	 0 	 1.07788493528611 	 6.64956102535579E-03 	 1.07123537426075 
 507.35656 	 0 	 0 	 0 	 1.08510306024473 	 6.73740232538399E-03 	 1.07836565791935 
 507.708354 	 0 	 0 	 0 	 1.09237440144168 	 6.82689056729314E-03 	 1.08554751087439 
 508.060393 	 0 	 0 	 0 	 1.09969833501894 	 6.91805893269148E-03 	 1.09278027608624 
 508.412676 	 0 	 0 	 0 	 1.10707415342251 	 7.01094110152063E-03 	 1.10006321232099 
 508.765203 	 0 	 0 	 0 	 1.11450246008047 	 7.10559076943422E-03 	 1.10739686931103 
 509.117974 	 0 	 0 	 0 	 1.12197957285701 	 7.20200384786008E-03 	 1.11477756900915 
 509.47099 	 0 	 0 	 0 	 1.12950730867301 	 7.30025483498386E-03 	 1.12220705383802 
 509.824251 	 0 	 0 	 0 	 1.13708316982315 	 7.4003597383226E-03 	 1.12968281008483 
 510.177757 	 0 	 0 	 0 	 1.14470451305557 	 7.50233358551143E-03 	 1.13720217947006 
 510.531508 	 0 	 0 	 0 	 1.15237286643236 	 7.60625417829357E-03 	 1.14476661225407 
 510.885504 	 0 	 0 	 0 	 1.16008534895091 	 7.71213763432521E-03 	 1.15237321131658 
 511.239745 	 0 	 0 	 0 	 1.16784182582668 	 7.82004298009199E-03 	 1.16002178284659 
 511.594233 	 0 	 0 	 0 	 1.17563766253855 	 7.92996381864515E-03 	 1.16770769871991 
 511.948966 	 0 	 0 	 0 	 1.18347242624498 	 8.04195931815392E-03 	 1.17543046692682 
 512.303945 	 0 	 0 	 0 	 1.19134555292231 	 8.15609038715441E-03 	 1.18318946253515 
 512.65917 	 0 	 0 	 0 	 1.19925337416097 	 8.27237248161247E-03 	 1.19098100167936 
 513.014641 	 0 	 0 	 0 	 1.20719202160511 	 8.39081953753086E-03 	 1.19880120206758 
 513.370359 	 0 	 0 	 0 	 1.21516189372847 	 8.51151714353644E-03 	 1.20665037658493 
 513.726324 	 0 	 0 	 0 	 1.22315874623004 	 8.63447962118782E-03 	 1.21452426660885 
 514.082535 	 0 	 0 	 0 	 1.23118110829428 	 8.75977006719338E-03 	 1.22242133822709 
 514.438993 	 0 	 0 	 0 	 1.23922279792838 	 0.008887375937541 	 1.23033542199084 
 514.795699 	 0 	 0 	 0 	 1.24728340046839 	 9.01738557677691E-03 	 1.23826601489162 
 515.152652 	 0 	 0 	 0 	 1.25535625185874 	 9.14978400199701E-03 	 1.24620646785674 
 515.509852 	 0 	 0 	 0 	 1.26344045636096 	 9.28466045525772E-03 	 1.2541557959057 
 515.8673 	 0 	 0 	 0 	 1.27153033413966 	 9.42202459290022E-03 	 1.26210830954676 
 516.224996 	 0 	 0 	 0 	 1.27962143290453 	 9.5619115145738E-03 	 1.27005952138995 
 516.58294 	 0 	 0 	 0 	 1.2877105184554 	 9.70438395822084E-03 	 1.27800613449718 
 516.941132 	 0 	 0 	 0 	 1.29578952165073 	 9.84941862000023E-03 	 1.28594010303073 
 517.299573 	 0 	 0 	 0 	 1.30385608984359 	 9.99710506288742E-03 	 1.29385898478071 
 517.658262 	 0 	 0 	 0 	 1.31190150686137 	 1.01474155451735E-02 	 1.3017540913162 
 518.0172 	 0 	 0 	 0 	 1.31992272709448 	 0.010300438747057 	 1.30962228834742 
 518.376386 	 0 	 0 	 0 	 1.32791331901099 	 1.04562036978811E-02 	 1.31745711531311 
 518.735822 	 0 	 0 	 0 	 1.33586349434065 	 1.06146745524198E-02 	 1.32524881978823 
 519.095507 	 0 	 0 	 0 	 1.34376755719864 	 1.07759052752258E-02 	 1.33299165192341 
 519.455441 	 0 	 0 	 0 	 1.35161937103558 	 1.09399495240789E-02 	 1.3406794215115 
 519.815625 	 0 	 0 	 0 	 1.35940941466148 	 1.11067943248245E-02 	 1.34830262033666 
 520.176059 	 0 	 0 	 0 	 1.36712920838189 	 1.12764553235812E-02 	 1.3558527530583 
 520.536742 	 0 	 0 	 0 	 1.37476981276481 	 1.14489450083899E-02 	 1.36332086775642 
 520.897676 	 0 	 0 	 0 	 1.38232322992847 	 0.011624307059357 	 1.37069892286912 
 521.25886 	 0 	 0 	 0 	 1.38364179905334 	 1.17175236515545E-02 	 1.37192427540178 
 521.620294 	 0 	 0 	 0 	 1.38209726915607 	 1.17731608791796E-02 	 1.37032410827689 
 521.981979 	 0 	 0 	 0 	 1.38033477158437 	 1.18274221307747E-02 	 1.36850734945359 
 522.343915 	 0 	 0 	 0 	 1.37835243060774 	 1.18802798957782E-02 	 1.36647215071196 
 522.706102 	 0 	 0 	 0 	 1.37614900716397 	 1.19316645926785E-02 	 1.3642173425713 
 523.068539 	 0 	 0 	 0 	 1.37372278113056 	 1.19815640141161E-02 	 1.36174121711644 
 523.431229 	 0 	 0 	 0 	 1.37107275284398 	 0.012029924478992 	 1.35904282836499 
 523.794169 	 0 	 0 	 0 	 1.3681979497171 	 1.20767073522097E-02 	 1.35612124236489 
 524.157362 	 0 	 0 	 0 	 1.36509759673818 	 1.21218749555713E-02 	 1.35297572178261 
 524.520806 	 0 	 0 	 0 	 1.36177073548821 	 1.21654033563609E-02 	 1.34960533213185 
 524.884502 	 0 	 0 	 0 	 1.35821731083749 	 0.012207243773546 	 1.34601006706394 
 525.24845 	 0 	 0 	 0 	 1.35443716593012 	 1.22473618307073E-02 	 1.34218980409941 
 525.612651 	 0 	 0 	 0 	 1.35043035718303 	 1.22857244043465E-02 	 1.33814463277869 
 525.977104 	 0 	 0 	 0 	 1.34619715709295 	 1.23222996939905E-02 	 1.33387485739896 
 526.34181 	 0 	 0 	 0 	 1.34173748687207 	 1.23570686228171E-02 	 1.32938041824925 
 526.706769 	 0 	 0 	 0 	 1.33705255431333 	 1.23899903211682E-02 	 1.32466256399216 
 527.071981 	 0 	 0 	 0 	 1.33214329274456 	 1.24210373420005E-02 	 1.31972225540255 
 527.437446 	 0 	 0 	 0 	 1.32701017932835 	 0.012450194261061 	 1.31455998506729 
 527.803164 	 0 	 0 	 0 	 1.32165519980766 	 1.24774257979294E-02 	 1.30917777400973 
 528.169136 	 0 	 0 	 0 	 1.31607995646298 	 1.25027094062753E-02 	 1.30357724705671 
 528.535362 	 0 	 0 	 0 	 1.31028627357495 	 1.25260242840973E-02 	 1.29776024929086 
 528.901842 	 0 	 0 	 0 	 1.30427619610248 	 1.25473514204829E-02 	 1.291728844682 
 529.268576 	 0 	 0 	 0 	 1.29805113293152 	 1.25666825119034E-02 	 1.28548445041961 
 529.635564 	 0 	 0 	 0 	 1.2916143509643 	 1.25839927336236E-02 	 1.27903035823068 
 530.002807 	 0 	 0 	 0 	 1.28496762263105 	 1.25992769044736E-02 	 1.27236834572658 
 530.370304 	 0 	 0 	 0 	 1.27811566507292 	 1.26125067810444E-02 	 1.26550315829187 
 530.738056 	 0 	 0 	 0 	 1.27105971224645 	 1.26236889756124E-02 	 1.25843602327084 
 531.106063 	 0 	 0 	 0 	 1.2638040011294 	 1.26328077397845E-02 	 1.25117119338962 
 531.474326 	 0 	 0 	 0 	 1.25635099100497 	 1.26398644510791E-02 	 1.24371112655389 
 531.842843 	 0 	 0 	 0 	 1.24870645669809 	 1.26448414635522E-02 	 1.23606161523453 
 532.211616 	 0 	 0 	 0 	 1.24087215245658 	 1.26477507507151E-02 	 1.22822440170587 
 532.580645 	 0 	 0 	 0 	 1.23285205578384 	 1.26485918350928E-02 	 1.22020346394875 
 532.94993 	 0 	 0 	 0 	 1.2246526622479 	 1.26473551324641E-02 	 1.21200530711543 
 533.319471 	 0 	 0 	 0 	 1.21627606463506 	 0.01264405665404 	 1.20363200798102 
 533.689268 	 0 	 0 	 0 	 1.20772796901118 	 1.26386970532364E-02 	 1.19508927195794 
 534.059321 	 0 	 0 	 0 	 1.19901183541781 	 1.26312894174165E-02 	 1.18638054600039 
 534.429631 	 0 	 0 	 0 	 1.19013499771593 	 1.26218347801136E-02 	 1.17751316293581 
 534.800198 	 0 	 0 	 0 	 1.18109991192186 	 1.26103543421363E-02 	 1.16848955757972 
 535.171022 	 0 	 0 	 0 	 1.17191161508079 	 1.25968614254319E-02 	 1.15931475365536 
 535.542103 	 0 	 0 	 0 	 1.1625766145109 	 1.25813679826995E-02 	 1.1499952465282 
 535.913441 	 0 	 0 	 0 	 1.15310024397573 	 1.25638920150147E-02 	 1.14053635196072 
 536.285037 	 0 	 0 	 0 	 1.14348793288972 	 1.25444533001454E-02 	 1.13094347958957 
 536.65689 	 0 	 0 	 0 	 1.13374378132831 	 1.25230756225336E-02 	 1.12122070570578 
 537.029001 	 0 	 0 	 0 	 1.12387475718803 	 1.24997792566113E-02 	 1.11137497793142 
 537.40137 	 0 	 0 	 0 	 1.11388652178446 	 1.24745890167254E-02 	 1.10141193276773 
 537.773998 	 0 	 0 	 0 	 1.10378332158919 	 1.24475326254468E-02 	 1.09133578896374 
 538.146883 	 0 	 0 	 0 	 1.09357235998849 	 1.24186360117926E-02 	 1.0811537239767 
 538.520028 	 0 	 0 	 0 	 1.08325944276851 	 1.23879285076415E-02 	 1.07087151426087 
 538.893431 	 0 	 0 	 0 	 1.07285040359512 	 1.23554408179738E-02 	 1.06049496277715 
 539.267093 	 0 	 0 	 0 	 1.06234956040095 	 1.23212051091776E-02 	 1.05002835529177 
 539.641014 	 0 	 0 	 0 	 1.05176273439924 	 1.22852537696172E-02 	 1.03947748062962 
 540.015194 	 0 	 0 	 0 	 1.04109731167332 	 1.22476207893657E-02 	 1.02884969088395 
 540.389634 	 0 	 0 	 0 	 1.0303591489868 	 1.22083416962294E-02 	 1.01815080729057 
 540.764333 	 0 	 0 	 0 	 1.01955408481207 	 1.21674530346291E-02 	 1.00738663177744 
 541.139292 	 0 	 0 	 0 	 1.0086863396921 	 1.21249910734541E-02 	 0.996561348618643 
 541.514512 	 0 	 0 	 0 	 0.997763263601375 	 1.20809948654722E-02 	 0.985682268735903 
 541.889991 	 0 	 0 	 0 	 0.986790592067959 	 1.20355035706796E-02 	 0.97475508849728 
 542.265731 	 0 	 0 	 0 	 0.975772395156081 	 0.011988555089788 	 0.963783840066293 
 542.641731 	 0 	 0 	 0 	 0.964714280495021 	 1.19401892160117E-02 	 0.952774091279009 
 543.017992 	 0 	 0 	 0 	 0.953625045478516 	 1.18904512423052E-02 	 0.94173459423621 
 543.394514 	 0 	 0 	 0 	 0.94250693573804 	 1.18393781049871E-02 	 0.930667557633053 
 543.771297 	 0 	 0 	 0 	 0.931365351087869 	 1.17870111435294E-02 	 0.919578339944339 
 544.148341 	 0 	 0 	 0 	 0.920208881672331 	 1.17333983094251E-02 	 0.908475483362906 
 544.525647 	 0 	 0 	 0 	 0.909039496509914 	 0.011678576243812 	 0.897360920266102 
 544.903214 	 0 	 0 	 0 	 0.89786233169805 	 1.16225871849431E-02 	 0.886239744513107 
 545.281043 	 0 	 0 	 0 	 0.886684064534978 	 1.15654772685432E-02 	 0.875118587266435 
 545.659134 	 0 	 0 	 0 	 0.875509630357737 	 1.15072895855969E-02 	 0.864002340772141 
 546.037487 	 0 	 0 	 0 	 0.864342217348402 	 1.14480631367838E-02 	 0.852894154211619 
 546.416103 	 0 	 0 	 0 	 0.85318817574834 	 1.13878447041252E-02 	 0.841800331044215 
 546.794981 	 0 	 0 	 0 	 0.842050467706474 	 1.13266727868066E-02 	 0.830723794919668 
 547.174122 	 0 	 0 	 0 	 0.830936831780643 	 1.12645988746824E-02 	 0.819672232905961 
 547.553525 	 0 	 0 	 0 	 0.819846733736182 	 1.12016517026903E-02 	 0.808645082033492 
 547.933192 	 0 	 0 	 0 	 0.808787661529202 	 1.11378824489283E-02 	 0.797649779080274 
 548.313122 	 0 	 0 	 0 	 0.797763711159742 	 1.10733330706469E-02 	 0.786690378089095 
 548.693315 	 0 	 0 	 0 	 0.786854730094094 	 1.10073819526416E-02 	 0.775847348141452 
 549.073773 	 0 	 0 	 0 	 0.777218374434186 	 1.09304379372213E-02 	 0.766287936496965 
 549.454493 	 0 	 0 	 0 	 0.767649406629884 	 1.08535004925513E-02 	 0.756795906137333 
 549.835478 	 0 	 0 	 0 	 0.758150553795212 	 1.07765987605476E-02 	 0.747373955034664 
 550.216727 	 0 	 0 	 0 	 0.748723060003087 	 1.06997542605911E-02 	 0.738023305742496 
 550.598241 	 0 	 0 	 0 	 0.73936674106086 	 1.06229807741534E-02 	 0.728743760286706 
 550.980019 	 0 	 0 	 0 	 0.730084063055628 	 1.05463055841177E-02 	 0.71953775747151 
 551.362061 	 0 	 0 	 0 	 0.720876045252875 	 1.04697482797548E-02 	 0.71040629697312 
 551.744369 	 0 	 0 	 0 	 0.711742317545829 	 1.03933206922141E-02 	 0.701348996853615 
 552.126941 	 0 	 0 	 0 	 0.702683792136458 	 1.03170411256033E-02 	 0.692366751010855 
 552.509779 	 0 	 0 	 0 	 0.693702608017495 	 0.010240934401709 	 0.683461673615786 
 552.892883 	 0 	 0 	 0 	 0.684799508546383 	 1.01650176098589E-02 	 0.674634490936525 
 553.276252 	 0 	 0 	 0 	 0.675973901612542 	 1.00893001029638E-02 	 0.665884601509578 
 553.659886 	 0 	 0 	 0 	 0.667226438716632 	 1.00137977694702E-02 	 0.657212640947162 
 554.043787 	 0 	 0 	 0 	 0.658560203947688 	 9.93854013595926E-03 	 0.648621663811728 
 554.427954 	 0 	 0 	 0 	 0.649971952726711 	 9.8635205732753E-03 	 0.640108432153435 
 554.812388 	 0 	 0 	 0 	 0.641465862773167 	 9.78877453366969E-03 	 0.631677088239498 
 555.197088 	 0 	 0 	 0 	 0.633039859164012 	 9.71430138646622E-03 	 0.623325557777546 
 555.582054 	 0 	 0 	 0 	 0.624694306504778 	 9.64011417395342E-03 	 0.615054192330825 
 555.967288 	 0 	 0 	 0 	 0.616430702878412 	 9.56623243755043E-03 	 0.606864470440862 
 556.352789 	 0 	 0 	 0 	 0.608248100159278 	 9.4926610746809E-03 	 0.598755439084597 
 556.738557 	 0 	 0 	 0 	 0.600147872551926 	 9.41941853105801E-03 	 0.590728454020868 
 557.124592 	 0 	 0 	 0 	 0.5921290007054 	 9.34650870752887E-03 	 0.582782491997871 
 557.510895 	 0 	 0 	 0 	 0.584192741628202 	 9.27394898810398E-03 	 0.574918792640098 
 557.897467 	 0 	 0 	 0 	 0.57633913531088 	 9.20174924279791E-03 	 0.567137386068083 
 558.284306 	 0 	 0 	 0 	 0.568567068185608 	 9.12991196787529E-03 	 0.559437156217733 
 558.671413 	 0 	 0 	 0 	 0.560876534688876 	 9.05844616337651E-03 	 0.551818088525499 
 559.058789 	 0 	 0 	 0 	 0.553268577061039 	 8.98736719895945E-03 	 0.54428120986208 
 559.446433 	 0 	 0 	 0 	 0.54574200193782 	 8.91667628299233E-03 	 0.536825325654827 
 559.834346 	 0 	 0 	 0 	 0.538297753688674 	 8.84638783483757E-03 	 0.529451365853837 
 560.222528 	 0 	 0 	 0 	 0.530935643321749 	 8.77650898638553E-03 	 0.522159134335364 
 560.61098 	 0 	 0 	 0 	 0.523654411298649 	 8.70703976538761E-03 	 0.514947371533261 
 560.9997 	 0 	 0 	 0 	 0.516453841012376 	 8.63798659023051E-03 	 0.507815854422145 
 561.38869 	 0 	 0 	 0 	 0.509334699228486 	 8.56936209689639E-03 	 0.50076533713159 
 561.77795 	 0 	 0 	 0 	 0.502295672742837 	 8.50116524533925E-03 	 0.493794507497498 
 562.16748 	 0 	 0 	 0 	 0.495337448167668 	 8.43340783877673E-03 	 0.486904040328891 
 562.55728 	 0 	 0 	 0 	 0.488458683090166 	 8.36608818329117E-03 	 0.480092594906875 
 562.94735 	 0 	 0 	 0 	 0.481659989441114 	 8.29921728845907E-03 	 0.473360772152655 
 563.337691 	 0 	 0 	 0 	 0.474940000483437 	 8.2327928524671E-03 	 0.46670720763097 
 563.728302 	 0 	 0 	 0 	 0.468299258705727 	 8.16682512995787E-03 	 0.46013243357577 
 564.119184 	 0 	 0 	 0 	 0.461736377638584 	 8.10131125585316E-03 	 0.453635066382731 
 564.510337 	 0 	 0 	 0 	 0.455250916373229 	 8.03625450106285E-03 	 0.447214661872166 
 564.901762 	 0 	 0 	 0 	 0.448843322418815 	 0.007971664059896 	 0.440871658358919 
 565.293458 	 0 	 0 	 0 	 0.442513083610047 	 7.90754247861224E-03 	 0.434605541131435 
 565.685425 	 0 	 0 	 0 	 0.436257901912699 	 7.84387976515504E-03 	 0.428414022147544 
 566.077664 	 0 	 0 	 0 	 0.430079921215903 	 7.78069643855959E-03 	 0.422299224777343 
 566.470175 	 0 	 0 	 0 	 0.423976824479248 	 7.7179820215136E-03 	 0.416258842457735 
 566.862959 	 0 	 0 	 0 	 0.41794807277306 	 7.6557381358181E-03 	 0.410292334637242 
 567.256014 	 0 	 0 	 0 	 0.411993114096736 	 7.59396616114435E-03 	 0.404399147935591 
 567.649342 	 0 	 0 	 0 	 0.406112213671944 	 7.53267313274574E-03 	 0.398579540539198 
 568.042943 	 0 	 0 	 0 	 0.400304763627295 	 7.47185982542062E-03 	 0.392832903801875 
 568.436817 	 0 	 0 	 0 	 0.394569338217571 	 7.41152100445213E-03 	 0.387157817213119 
 568.830964 	 0 	 0 	 0 	 0.388905342282007 	 7.35165716425865E-03 	 0.381553685117748 
 569.225384 	 0 	 0 	 0 	 0.383312958589806 	 7.29227429151733E-03 	 0.376020684298289 
 569.620078 	 0 	 0 	 0 	 0.377790767200999 	 7.23336669544819E-03 	 0.370557400505551 
 570.015046 	 0 	 0 	 0 	 0.372338148638088 	 7.17493429143673E-03 	 0.365163214346652 
 570.410287 	 0 	 0 	 0 	 0.366955232629772 	 7.11698236110088E-03 	 0.359838250268671 
 570.805802 	 0 	 0 	 0 	 0.361641356513312 	 7.05951032213784E-03 	 0.354581846191174 
 571.201592 	 0 	 0 	 0 	 0.356395116804588 	 7.00251198383092E-03 	 0.349392604820757 
 571.597656 	 0 	 0 	 0 	 0.351215871319799 	 6.94598659255976E-03 	 0.344269884727239 
 571.993995 	 0 	 0 	 0 	 0.346102973571934 	 6.88993324469688E-03 	 0.339213040327237 
 572.390608 	 0 	 0 	 0 	 0.341056479945645 	 6.83435618834787E-03 	 0.334222123757297 
 572.787496 	 0 	 0 	 0 	 0.336075011259794 	 6.77924884442635E-03 	 0.329295762415367 
 573.18466 	 0 	 0 	 0 	 0.331158599291541 	 6.72461509355349E-03 	 0.324433984197988 
 573.582099 	 0 	 0 	 0 	 0.326305879733948 	 6.67044820018689E-03 	 0.319635431533762 
 573.979814 	 0 	 0 	 0 	 0.321516862152613 	 6.61675170185503E-03 	 0.314900110450758 
 574.377804 	 0 	 0 	 0 	 0.316790198585704 	 6.56351872966242E-03 	 0.310226679856042 
 574.776071 	 0 	 0 	 0 	 0.312125227818436 	 6.5107475025122E-03 	 0.305614480315923 
 575.174613 	 0 	 0 	 0 	 0.307521288206552 	 6.45843613637592E-03 	 0.301062852070176 
 575.573432 	 0 	 0 	 0 	 0.302978351091119 	 6.40658755030323E-03 	 0.296571763540816 
 575.972527 	 0 	 0 	 0 	 0.298495104646187 	 6.35519467143696E-03 	 0.29213990997475 
 576.3719 	 0 	 0 	 0 	 0.294071504200061 	 6.3042601414546E-03 	 0.287767244058606 
 576.771549 	 0 	 0 	 0 	 0.28970625772998 	 6.2537768145051E-03 	 0.283452480915475 
 577.171475 	 0 	 0 	 0 	 0.285398707587321 	 6.20374236680949E-03 	 0.279194965220511 
 577.571678 	 0 	 0 	 0 	 0.2811487881954 	 6.15415906006731E-03 	 0.274994629135333 
 577.972159 	 0 	 0 	 0 	 0.276955238668871 	 6.10501967079318E-03 	 0.270850218998078 
 578.372918 	 0 	 0 	 0 	 0.272817981581731 	 6.05632623024161E-03 	 0.266761655351489 
 578.773954 	 0 	 0 	 0 	 0.268735211707363 	 6.00806696475531E-03 	 0.262727144742607 
 579.175269 	 0 	 0 	 0 	 0.264707423109836 	 5.96024830371413E-03 	 0.258747174806122 
 579.576862 	 0 	 0 	 0 	 0.260733949011612 	 5.91286739844024E-03 	 0.254821081613172 
 579.978733 	 0 	 0 	 0 	 0.256813583761689 	 5.86591697172492E-03 	 0.250947666789964 
 580.380883 	 0 	 0 	 0 	 0.252945691170595 	 5.81939421684724E-03 	 0.247126296953748 
 580.783312 	 0 	 0 	 0 	 0.249129638625941 	 5.77329628260263E-03 	 0.243356342343338 
 581.18602 	 0 	 0 	 0 	 0.245365317382778 	 5.72762451896017E-03 	 0.239637692863818 
 581.589007 	 0 	 0 	 0 	 0.241651567771899 	 5.68237166287339E-03 	 0.235969196109026 
 581.992273 	 0 	 0 	 0 	 0.237987769251852 	 5.63753474921262E-03 	 0.232350234502639 
 582.39582 	 0 	 0 	 0 	 0.23471443462937 	 5.5924472669456E-03 	 0.229121987362425 
 582.799646 	 0 	 0 	 0 	 0.231720444097288 	 5.54735386190208E-03 	 0.226173090235386 
 583.203752 	 0 	 0 	 0 	 0.228767186998165 	 5.50274152378649E-03 	 0.223264445474379 
 583.608138 	 0 	 0 	 0 	 0.225852869410587 	 5.45859202060895E-03 	 0.220394277389978 
 584.012804 	 0 	 0 	 0 	 0.222977726244375 	 5.41490812304888E-03 	 0.217562818121326 
 584.417751 	 0 	 0 	 0 	 0.220140800740227 	 5.37168021122942E-03 	 0.214769120528998 
 584.822979 	 0 	 0 	 0 	 0.2173419255282 	 5.32890685430812E-03 	 0.212013018673892 
 585.228488 	 0 	 0 	 0 	 0.214579796689087 	 5.28657474095091E-03 	 0.209293221948136 
 585.634278 	 0 	 0 	 0 	 0.21185463692796 	 5.24468647220484E-03 	 0.206609950455755 
 586.04035 	 0 	 0 	 0 	 0.209165542948951 	 5.20323286770073E-03 	 0.20396231008125 
 586.446703 	 0 	 0 	 0 	 0.20651235756304 	 5.1622125377905E-03 	 0.201350145025249 
 586.853338 	 0 	 0 	 0 	 0.203894203292117 	 5.12161651776701E-03 	 0.19877258677435 
 587.260254 	 0 	 0 	 0 	 0.201310579149714 	 5.08143976550406E-03 	 0.19622913938421 
 587.667453 	 0 	 0 	 0 	 0.198760991435449 	 5.04167729610086E-03 	 0.193719314139348 
 588.074935 	 0 	 0 	 0 	 0.196245292932715 	 5.0023277675899E-03 	 0.191242965165125 
 588.482698 	 0 	 0 	 0 	 0.193762655536095 	 4.96338263390447E-03 	 0.18879927290219 
 588.890745 	 0 	 0 	 0 	 0.191312607085726 	 4.92483708185135E-03 	 0.186387770003874 
 589.299074 	 0 	 0 	 0 	 0.188894682349965 	 4.88668635421952E-03 	 0.184007995995745 
 589.707687 	 0 	 0 	 0 	 0.186508743793805 	 4.84892916134709E-03 	 0.181659814632458 
 590.116583 	 0 	 0 	 0 	 0.184154010050302 	 4.81155736084907E-03 	 0.179342452689453 
 590.525762 	 0 	 0 	 0 	 0.181830036344361 	 4.7745663629987E-03 	 0.177055469981362 
 590.935225 	 0 	 0 	 0 	 0.179536384473989 	 0.004737951632553 	 0.174798432841436 
 591.344973 	 0 	 0 	 0 	 0.177272926234534 	 4.70171193525417E-03 	 0.172571214299279 
 591.755004 	 0 	 0 	 0 	 0.1750386251124 	 4.66583630992074E-03 	 0.170372788802479 
 592.165319 	 0 	 0 	 0 	 0.172833960301859 	 4.63033000493964E-03 	 0.168203630296919 
 592.575919 	 0 	 0 	 0 	 0.170657621202919 	 4.59517907943493E-03 	 0.166062442123484 
 592.986804 	 0 	 0 	 0 	 0.168509500700474 	 4.56038247292794E-03 	 0.163949118227546 
 593.397974 	 0 	 0 	 0 	 0.166389481650937 	 4.52593902251924E-03 	 0.161863542628418 
 593.809428 	 0 	 0 	 0 	 0.16429687863209 	 4.49184143679579E-03 	 0.159805037195294 
 594.221168 	 0 	 0 	 0 	 0.162231303279258 	 4.45808560412755E-03 	 0.15777321767513 
 594.633194 	 0 	 0 	 0 	 0.160192373029404 	 4.42466746339309E-03 	 0.155767705566011 
 595.045505 	 0 	 0 	 0 	 0.158179979149748 	 4.39158590990912E-03 	 0.153788393239839 
 595.458102 	 0 	 0 	 0 	 0.156193475033887 	 4.3588340050346E-03 	 0.151834641028853 
 595.870985 	 0 	 0 	 0 	 0.154232495198123 	 4.32640783774686E-03 	 0.149906087360376 
 596.284155 	 0 	 0 	 0 	 0.152296679633968 	 4.29430354560239E-03 	 0.148002376088366 
 596.697611 	 0 	 0 	 0 	 0.15038567372929 	 4.26251731425219E-03 	 0.146123156415038 
 597.111353 	 0 	 0 	 0 	 0.148499378606875 	 4.23104811119378E-03 	 0.144268330495681 
 597.525383 	 0 	 0 	 0 	 0.146637193031484 	 4.19988941642279E-03 	 0.142437303615062 
 597.939699 	 0 	 0 	 0 	 0.144798778264703 	 4.16903755826141E-03 	 0.140629740706442 
 598.354303 	 0 	 0 	 0 	 0.142983800653674 	 4.13848891114417E-03 	 0.138845311742529 
 598.769195 	 0 	 0 	 0 	 0.141191931556245 	 4.10823989512563E-03 	 0.13708369166112 
 599.184374 	 0 	 0 	 0 	 0.139422847266957 	 4.07828697538744E-03 	 0.13534456029157 
 599.599841 	 0 	 0 	 0 	 0.137676459800131 	 4.04862920403647E-03 	 0.133627830596095 
 600.015596 	 0 	 0 	 0 	 0.135952218061013 	 4.01926053169477E-03 	 0.131932957529318 
 600.431639 	 0 	 0 	 0 	 0.134249812854821 	 3.99017755718161E-03 	 0.13025963529764 
 600.847971 	 0 	 0 	 0 	 0.132568939632861 	 3.96137692245168E-03 	 0.128607562710409 
 601.264591 	 0 	 0 	 0 	 0.130909298422753 	 0.003932855312105 	 0.126976443110648 
 601.681501 	 0 	 0 	 0 	 0.129270809595734 	 3.90461184657655E-03 	 0.125366197749157 
 602.098699 	 0 	 0 	 0 	 0.127652747580433 	 3.87663847838115E-03 	 0.123776109102052 
 602.516187 	 0 	 0 	 0 	 0.126055254606829 	 3.84893677668815E-03 	 0.12220631783014 
 602.933964 	 0 	 0 	 0 	 0.12447783261498 	 3.82150119924468E-03 	 0.120656331415735 
 603.352031 	 0 	 0 	 0 	 0.122920203618821 	 3.79432863767448E-03 	 0.119125874981146 
 603.770387 	 0 	 0 	 0 	 0.121382093805345 	 3.76741602332079E-03 	 0.117614677782025 
 604.189034 	 0 	 0 	 0 	 0.119863233470854 	 3.74076032677024E-03 	 0.116122473144084 
 604.607971 	 0 	 0 	 0 	 0.118363356958048 	 3.71435855737935E-03 	 0.114648998400669 
 605.027199 	 0 	 0 	 0 	 0.116882396586215 	 3.68820993834467E-03 	 0.11319418664787 
 605.446717 	 0 	 0 	 0 	 0.115419895503765 	 3.66230932826282E-03 	 0.111757586175502 
 605.866526 	 0 	 0 	 0 	 0.113975411014451 	 3.63665172646954E-03 	 0.110338759287981 
 606.286627 	 0 	 0 	 0 	 0.112549073464328 	 3.61123856778338E-03 	 0.108937834896544 
 606.707018 	 0 	 0 	 0 	 0.111140445183144 	 3.58606489952484E-03 	 0.107554380283619 
 607.127701 	 0 	 0 	 0 	 0.109749283622623 	 3.56112795485669E-03 	 0.106188155667766 
 607.548676 	 0 	 0 	 0 	 0.108375529069889 	 3.53642702893057E-03 	 0.104839102040958 
 607.969943 	 0 	 0 	 0 	 0.107018585417466 	 3.51195534886373E-03 	 0.103506630068602 
 608.391501 	 0 	 0 	 0 	 0.105678402413894 	 3.4877123035493E-03 	 0.102190690110344 
 608.813352 	 0 	 0 	 0 	 0.104354923970541 	 3.4636972218116E-03 	 0.100891226748729 
 609.235496 	 0 	 0 	 0 	 0.103047578308008 	 3.43990357472956E-03 	 9.96076747332781E-02 
 609.657932 	 0 	 0 	 0 	 0.101756486206887 	 3.41633269224336E-03 	 9.83401535146435E-02 
 610.080661 	 0 	 0 	 0 	 0.100481257165561 	 3.39298009157536E-03 	 9.70882770739856E-02 
 610.503684 	 0 	 0 	 0 	 9.92216762160838E-02 	 3.36984327864214E-03 	 9.58518329374417E-02 
 610.926999 	 0 	 0 	 0 	 9.79775315881083E-02 	 3.34691979140097E-03 	 9.46306117967073E-02 
 611.350608 	 0 	 0 	 0 	 9.67486146589357E-02 	 3.32420719943469E-03 	 0.093424407459501 
 611.774511 	 0 	 0 	 0 	 9.55347199043132E-02 	 3.30170310354062E-03 	 9.22330168007726E-02 
 612.198708 	 0 	 0 	 0 	 9.43356448499641E-02 	 3.27940513532366E-03 	 9.10562397146405E-02 
 612.623199 	 0 	 0 	 0 	 9.31511900238562E-02 	 3.25731095679364E-03 	 8.98938790670626E-02 
 613.047984 	 0 	 0 	 0 	 9.19813101650246E-02 	 3.23542000108865E-03 	 0.088745890163936 
 613.473064 	 0 	 0 	 0 	 9.08255072117377E-02 	 3.21372648758534E-03 	 8.76117807241523E-02 
 613.898438 	 0 	 0 	 0 	 8.96837436449471E-02 	 3.19222992852259E-03 	 8.64915137164245E-02 
 614.324108 	 0 	 0 	 0 	 8.85559770495466E-02 	 3.17092978545429E-03 	 8.53850472640923E-02 
 614.750073 	 0 	 0 	 0 	 8.74417293893976E-02 	 3.14982048353404E-03 	 8.42919089058635E-02 
 615.176333 	 0 	 0 	 0 	 8.63411074572393E-02 	 3.1289032039717E-03 	 8.32122042532676E-02 
 615.602888 	 0 	 0 	 0 	 8.52536460788974E-02 	 3.10817250467032E-03 	 8.21454735742271E-02 
 616.029739 	 0 	 0 	 0 	 8.41794500389307E-02 	 3.08762954587683E-03 	 8.10918204930539E-02 
 616.456887 	 0 	 0 	 0 	 8.31182031127558E-02 	 3.06727060289825E-03 	 8.00509325098576E-02 
 616.88433 	 0 	 0 	 0 	 8.20695987228988E-02 	 3.04709205121527E-03 	 7.90225066716835E-02 
 617.31207 	 0 	 0 	 0 	 8.12144332040656E-02 	 3.02861769688487E-03 	 7.81858155071807E-02 
 617.740106 	 0 	 0 	 0 	 8.03813740993133E-02 	 3.01040276856308E-03 	 7.73709713307502E-02 
 618.16844 	 0 	 0 	 0 	 0.079556737855448 	 2.99233134831037E-03 	 7.65644065071377E-02 
 618.59707 	 0 	 0 	 0 	 7.87403273348935E-02 	 2.9744007498781E-03 	 7.57659265850154E-02 
 619.025997 	 0 	 0 	 0 	 7.79322561004417E-02 	 2.95661217322053E-03 	 7.49756439272212E-02 
 619.455222 	 0 	 0 	 0 	 7.71323282356979E-02 	 2.93896295041722E-03 	 7.41933652852806E-02 
 619.884745 	 0 	 0 	 0 	 7.63404528972767E-02 	 2.92145172799966E-03 	 7.34190011692771E-02 
 620.314565 	 0 	 0 	 0 	 7.55565403734786E-02 	 2.90407716778708E-03 	 7.26524632056915E-02 
 620.744683 	 0 	 0 	 0 	 0.074780404674245 	 2.88683672480122E-03 	 7.18935679494438E-02 
 621.1751 	 0 	 0 	 0 	 7.40121541383656E-02 	 2.86973154700286E-03 	 7.11424225913628E-02 
 621.605815 	 0 	 0 	 0 	 7.32516039070249E-02 	 2.85275910657351E-03 	 7.03988448004514E-02 
 622.036829 	 0 	 0 	 0 	 7.24986686437538E-02 	 2.8359181246168E-03 	 0.069662750519137 
 622.468141 	 0 	 0 	 0 	 7.17532640690027E-02 	 2.8192073366017E-03 	 0.068934056732401 
 622.899753 	 0 	 0 	 0 	 7.10152146481598E-02 	 2.80262433060454E-03 	 6.82125903175553E-02 
 623.331664 	 0 	 0 	 0 	 7.02846237517043E-02 	 2.78617020511221E-03 	 6.74984535465921E-02 
 623.763874 	 0 	 0 	 0 	 0.069561316892903 	 2.76984256426473E-03 	 6.67914743286382E-02 
 624.196384 	 0 	 0 	 0 	 6.88451244976652E-02 	 2.7536390722397E-03 	 6.60914854254255E-02 
 624.629194 	 0 	 0 	 0 	 6.81361470722347E-02 	 2.73756079898608E-03 	 6.53985862732486E-02 
 625.062304 	 0 	 0 	 0 	 6.74342160433499E-02 	 2.72160542412073E-03 	 6.47126106192292E-02 
 625.495715 	 0 	 0 	 0 	 6.67391675743863E-02 	 2.70577068525047E-03 	 6.40333968891358E-02 
 625.929425 	 0 	 0 	 0 	 6.60510993913871E-02 	 2.69005762460922E-03 	 6.33610417667779E-02 
 626.363437 	 0 	 0 	 0 	 6.53697638699408E-02 	 2.67446292273058E-03 	 6.26953009472102E-02 
 626.79775 	 0 	 0 	 0 	 6.46952569279079E-02 	 2.65898760381453E-03 	 6.20362693240934E-02 
 627.232363 	 0 	 0 	 0 	 6.40273363978701E-02 	 2.64362841670822E-03 	 6.13837079811619E-02 
 627.667278 	 0 	 0 	 0 	 6.33660143360212E-02 	 2.62838532760731E-03 	 6.07376290084139E-02 
 628.102495 	 0 	 0 	 0 	 6.27113001655772E-02 	 2.61325827304371E-03 	 6.00980418925335E-02 
 628.538013 	 0 	 0 	 0 	 6.20629596569199E-02 	 2.59824410139712E-03 	 5.94647155555227E-02 
 628.973834 	 0 	 0 	 0 	 6.14210048349996E-02 	 2.58334278351112E-03 	 5.88376620514885E-02 
 629.409956 	 0 	 0 	 0 	 6.07853664872202E-02 	 2.56855326170081E-03 	 5.82168132255194E-02 
 629.846381 	 0 	 0 	 0 	 6.01559762408595E-02 	 2.55387448992338E-03 	 5.76021017509361E-02 
 630.283109 	 0 	 0 	 0 	 5.95327665518459E-02 	 2.53930543363545E-03 	 5.69934611182105E-02 
 630.720139 	 0 	 0 	 0 	 5.89156706936945E-02 	 2.52484506965216E-03 	 5.63908256240424E-02 
 631.157473 	 0 	 0 	 0 	 5.83046227465989E-02 	 2.51049238600821E-03 	 5.57941303605906E-02 
 631.595109 	 0 	 0 	 0 	 5.76994829284884E-02 	 2.49624543018354E-03 	 5.52032374983048E-02 
 632.033049 	 0 	 0 	 0 	 5.71003369960429E-02 	 2.48210512483252E-03 	 5.46182318712104E-02 
 632.471293 	 0 	 0 	 0 	 5.65069728302999E-02 	 2.46806859667022E-03 	 5.40389042336297E-02 
 632.909841 	 0 	 0 	 0 	 5.59194746120876E-02 	 2.45413675258015E-03 	 5.34653378595074E-02 
 633.348693 	 0 	 0 	 0 	 5.53376348219889E-02 	 2.4403067773742E-03 	 5.28973280446147E-02 
 633.787849 	 0 	 0 	 0 	 5.47614652434756E-02 	 2.42657865639399E-03 	 5.23348865870816E-02 
 634.227309 	 0 	 0 	 0 	 5.41909052856716E-02 	 2.41295145217552E-03 	 5.17779538334961E-02 
 634.667075 	 0 	 0 	 0 	 5.36258950829663E-02 	 2.39942423742953E-03 	 5.12264708455368E-02 
 635.107145 	 0 	 0 	 0 	 0.05306637548542 	 2.38599609491782E-03 	 5.06803793905022E-02 
 635.54752 	 0 	 0 	 0 	 5.25122880493083E-02 	 2.37266611733106E-03 	 5.01396219319773E-02 
 635.988201 	 0 	 0 	 0 	 5.19635750277977E-02 	 2.3594334071683E-03 	 4.96041416206294E-02 
 636.429187 	 0 	 0 	 0 	 5.14201127990422E-02 	 2.34629622203053E-03 	 4.90738165770117E-02 
 636.870479 	 0 	 0 	 0 	 5.08819129188208E-02 	 2.33325455477668E-03 	 4.85486583640441E-02 
 637.312077 	 0 	 0 	 0 	 5.03489848499095E-02 	 2.32030837451902E-03 	 4.80286764753905E-02 
 637.753981 	 0 	 0 	 0 	 4.98211424544645E-02 	 2.30745513714281E-03 	 4.75136873173217E-02 
 638.196192 	 0 	 0 	 0 	 4.92983971881244E-02 	 2.29469483850426E-03 	 4.70037023496201E-02 
 638.638709 	 0 	 0 	 0 	 4.87806320693833E-02 	 2.28202582305612E-03 	 4.64986062463271E-02 
 639.081533 	 0 	 0 	 0 	 4.82679210171845E-02 	 2.26944889466097E-03 	 4.59984721225236E-02 
 639.524664 	 0 	 0 	 0 	 4.77601476566608E-02 	 2.25696240778263E-03 	 4.55031852488781E-02 
 639.968103 	 0 	 0 	 0 	 4.72571988135331E-02 	 0.002244564756787 	 4.50126340567461E-02 
 640.411849 	 0 	 0 	 0 	 4.67590857395479E-02 	 2.23225594184666E-03 	 4.45268297977012E-02 
 640.855902 	 0 	 0 	 0 	 4.62657577334819E-02 	 2.2200351653478E-03 	 4.40457225681341E-02 
 641.300264 	 0 	 0 	 0 	 4.57771646896112E-02 	 2.2079016381622E-03 	 0.043569263051449 
 641.744933 	 0 	 0 	 0 	 4.52932570899548E-02 	 2.19585457954537E-03 	 4.30974025104095E-02 
 642.189911 	 0 	 0 	 0 	 4.48139277843702E-02 	 2.18389246308509E-03 	 4.26300353212851E-02 
 642.635197 	 0 	 0 	 0 	 4.43391878062011E-02 	 2.1720152927977E-03 	 4.21671725134034E-02 
 643.080793 	 0 	 0 	 0 	 4.38690463678025E-02 	 2.1602230519456E-03 	 4.17088233158569E-02 
 643.526697 	 0 	 0 	 0 	 4.34033415624245E-02 	 2.14851350571275E-03 	 4.12548280567117E-02 
 643.97291 	 0 	 0 	 0 	 4.29420284194324E-02 	 2.13688593462557E-03 	 4.08051424848068E-02 
 644.419433 	 0 	 0 	 0 	 4.24851730959387E-02 	 2.12534106426592E-03 	 4.03598320316728E-02 
 644.866265 	 0 	 0 	 0 	 4.20326187590542E-02 	 2.11387672489867E-03 	 3.99187420341556E-02 
 645.313407 	 0 	 0 	 0 	 4.15844303631399E-02 	 2.10249362995275E-03 	 3.94819367331871E-02 
 645.76086 	 0 	 0 	 0 	 4.11404543728271E-02 	 2.0911896520341E-03 	 0.039049264720793 
 646.208622 	 0 	 0 	 0 	 4.07006483548059E-02 	 2.0799641084597E-03 	 3.86206842463462E-02 
 646.656695 	 0 	 0 	 0 	 4.02650754834571E-02 	 2.06881769462719E-03 	 3.81962577888299E-02 
 647.105079 	 0 	 0 	 0 	 3.98335870097922E-02 	 2.05774834470813E-03 	 3.77758386650841E-02 
 647.553773 	 0 	 0 	 0 	 3.94061934503925E-02 	 2.04675606973857E-03 	 3.73594373806539E-02 
 648.002779 	 0 	 0 	 0 	 3.89828527088746E-02 	 2.03584019576365E-03 	 0.036947012513111 
 648.452096 	 0 	 0 	 0 	 3.85635231733361E-02 	 2.0250000558423E-03 	 3.65385231174938E-02 
 648.901724 	 0 	 0 	 0 	 3.81481637101532E-02 	 2.01423498996429E-03 	 3.61339287201889E-02 
 649.351665 	 0 	 0 	 0 	 3.77366841901049E-02 	 2.00354369706171E-03 	 3.57331404930432E-02 
 649.801917 	 0 	 0 	 0 	 0.037329094879507 	 1.99292619074626E-03 	 3.53361686887607E-02 
 650.252482 	 0 	 0 	 0 	 3.69253560269465E-02 	 1.98238183112314E-03 	 3.49429741958234E-02 
 650.703359 	 0 	 0 	 0 	 0.036525380342587 	 1.97190935496209E-03 	 3.45534709876249E-02 
 651.154548 	 0 	 0 	 0 	 3.61291779332446E-02 	 1.96150877718696E-03 	 3.41676691560576E-02 
 651.60605 	 0 	 0 	 0 	 3.57367574146573E-02 	 1.95118009561169E-03 	 3.37855773190456E-02 
 652.057866 	 0 	 0 	 0 	 0.035347939694837 	 1.94092084128971E-03 	 3.34070188535473E-02 
 652.509995 	 0 	 0 	 0 	 3.49628283321404E-02 	 1.93073226130387E-03 	 3.30320960708365E-02 
 652.962437 	 0 	 0 	 0 	 3.45812935262101E-02 	 1.92061253458193E-03 	 3.26606809916282E-02 
 653.415193 	 0 	 0 	 0 	 3.42033451251092E-02 	 1.91056167811836E-03 	 3.22927834469908E-02 
 653.868263 	 0 	 0 	 0 	 0.033828946827285 	 1.90057910245533E-03 	 3.19283677248297E-02 
 654.321647 	 0 	 0 	 0 	 3.34580184538565E-02 	 1.89066363942809E-03 	 3.15673548144284E-02 
 654.775345 	 0 	 0 	 0 	 3.30906135374062E-02 	 1.88081588640699E-03 	 3.12097976509992E-02 
 655.229358 	 0 	 0 	 0 	 3.27266088485875E-02 	 1.87103410761404E-03 	 3.08555747409735E-02 
 655.683686 	 0 	 0 	 0 	 0.032365970993238 	 1.86131775310969E-03 	 3.05046532401283E-02 
 656.138329 	 0 	 0 	 0 	 3.20087520460104E-02 	 1.85166740536704E-03 	 3.01570846406433E-02 
 656.593287 	 0 	 0 	 0 	 3.16548325391633E-02 	 1.84208137754697E-03 	 2.98127511616163E-02 
 657.048561 	 0 	 0 	 0 	 3.13041801812688E-02 	 1.83255913611218E-03 	 2.94716210451567E-02 
 657.50415 	 0 	 0 	 0 	 3.09568456298039E-02 	 1.82310124903628E-03 	 2.91337443807676E-02 
 657.960055 	 0 	 0 	 0 	 3.06127130534397E-02 	 1.81370607686514E-03 	 2.87990069765745E-02 
 658.416276 	 0 	 0 	 0 	 3.02717917093822E-02 	 1.80437364006606E-03 	 2.84674180693161E-02 
 658.872814 	 0 	 0 	 0 	 2.99340094185906E-02 	 1.79510287802388E-03 	 2.81389065405667E-02 
 659.329668 	 0 	 0 	 0 	 2.95994150145935E-02 	 1.78589434002913E-03 	 2.78135206745643E-02 
 659.786839 	 0 	 0 	 0 	 2.93351824888979E-02 	 1.77689093501003E-03 	 2.75582915538879E-02 
 660.244327 	 0 	 0 	 0 	 2.91493736202607E-02 	 1.76810883342736E-03 	 2.73812647868334E-02 
 660.702132 	 0 	 0 	 0 	 0.028964944492515 	 1.75938278245232E-03 	 2.72055617100626E-02 
 661.160255 	 0 	 0 	 0 	 2.87818427026078E-02 	 1.75071138286811E-03 	 2.70311313197396E-02 
 661.618695 	 0 	 0 	 0 	 2.86000571342389E-02 	 1.74209420632806E-03 	 2.68579629279108E-02 
 662.077453 	 0 	 0 	 0 	 2.84196163066463E-02 	 1.73353175364039E-03 	 2.66860845530059E-02 
 662.536529 	 0 	 0 	 0 	 2.82404691501987E-02 	 1.72502266325352E-03 	 2.65154464869452E-02 
 662.995924 	 0 	 0 	 0 	 2.80626048789695E-02 	 1.71656651909718E-03 	 2.63460383598723E-02 
 663.455637 	 0 	 0 	 0 	 2.78860320984852E-02 	 1.70816335955729E-03 	 2.61778687389279E-02 
 663.915668 	 0 	 0 	 0 	 0.027710739762948 	 1.69981276458367E-03 	 2.60109269983644E-02 
 664.376019 	 0 	 0 	 0 	 2.75367169375338E-02 	 1.69151431819216E-03 	 2.58452026193417E-02 
 664.836689 	 0 	 0 	 0 	 2.73639339738916E-02 	 1.68326716954432E-03 	 2.56806668043473E-02 
 665.297679 	 0 	 0 	 0 	 2.71923992818535E-02 	 1.67507135714538E-03 	 2.55173279247081E-02 
 665.758988 	 0 	 0 	 0 	 2.70221022476116E-02 	 1.6669264768208E-03 	 2.53551757707908E-02 
 666.220617 	 0 	 0 	 0 	 2.68530139910019E-02 	 1.65883170073007E-03 	 2.51941822902718E-02 
 666.682566 	 0 	 0 	 0 	 2.66851427762915E-02 	 1.65078706737802E-03 	 2.50343557089134E-02 
 667.144835 	 0 	 0 	 0 	 2.65184602212254E-02 	 1.64279176382035E-03 	 2.48756684574051E-02 
 667.607425 	 0 	 0 	 0 	 0.026352974492792 	 1.6348458284993E-03 	 2.47181286642927E-02 
 668.070336 	 0 	 0 	 0 	 2.61886754869283E-02 	 1.62694887602145E-03 	 2.45617266109068E-02 
 668.533567 	 0 	 0 	 0 	 2.60255355516488E-02 	 1.61910011526237E-03 	 2.44064354363865E-02 
 668.99712 	 0 	 0 	 0 	 2.58635627117618E-02 	 1.61129958458823E-03 	 2.42522631271735E-02 
 669.460994 	 0 	 0 	 0 	 0.025702729788712 	 1.60354650701071E-03 	 2.40991832817013E-02 
 669.92519 	 0 	 0 	 0 	 2.55430447123635E-02 	 1.59584092078806E-03 	 2.39472037915755E-02 
 670.389708 	 0 	 0 	 0 	 2.53844978602571E-02 	 1.5881824582884E-03 	 2.37963154019687E-02 
 670.854548 	 0 	 0 	 0 	 2.52270627483385E-02 	 1.58057036323381E-03 	 2.36464923851047E-02 
 671.31971 	 0 	 0 	 0 	 2.50707471676972E-02 	 1.57300467374019E-03 	 0.023497742493957 
 671.785194 	 0 	 0 	 0 	 2.49155417728013E-02 	 1.56548503238902E-03 	 2.33500567404123E-02 
 672.251002 	 0 	 0 	 0 	 0.024761420753569 	 1.55801070297721E-03 	 2.32034100505918E-02 
 672.717132 	 0 	 0 	 0 	 2.46083753393283E-02 	 1.55058134455671E-03 	 2.30577939947716E-02 
 673.183586 	 0 	 0 	 0 	 2.44564294321143E-02 	 1.54319737058969E-03 	 2.29132320615246E-02 
 673.650363 	 0 	 0 	 0 	 2.43055251534508E-02 	 1.5358573097327E-03 	 2.27696678437181E-02 
 674.117464 	 0 	 0 	 0 	 2.41557024835565E-02 	 0.001528561947791 	 2.26271405357655E-02 
 674.584888 	 0 	 0 	 0 	 2.40069203956096E-02 	 1.52131020498285E-03 	 2.24856101906267E-02 
 675.052637 	 0 	 0 	 0 	 2.38591705318653E-02 	 1.51410175580327E-03 	 0.022345068776062 
 675.52071 	 0 	 0 	 0 	 2.37124602758652E-02 	 1.50693663764486E-03 	 2.22055236382204E-02 
 675.989108 	 0 	 0 	 0 	 2.35667810557839E-02 	 1.49981452169409E-03 	 2.20669665340899E-02 
 676.45783 	 0 	 0 	 0 	 2.34221089639638E-02 	 1.49273472829243E-03 	 2.19293742356714E-02 
 676.926877 	 0 	 0 	 0 	 2.32784512533747E-02 	 1.48569729456416E-03 	 2.17927539588106E-02 
 677.39625 	 0 	 0 	 0 	 2.31357844163987E-02 	 1.47870155271617E-03 	 2.16570828636825E-02 
 677.865948 	 0 	 0 	 0 	 2.29941156190057E-02 	 1.47174753965107E-03 	 2.15223680793546E-02 
 678.335972 	 0 	 0 	 0 	 2.28534217458999E-02 	 1.46483459920311E-03 	 2.13885871466968E-02 
 678.806321 	 0 	 0 	 0 	 2.27137098769863E-02 	 1.45796276804357E-03 	 2.12557471089427E-02 
 679.276997 	 0 	 0 	 0 	 2.25749572817448E-02 	 1.45113140140139E-03 	 2.11238258803435E-02 
 679.747999 	 0 	 0 	 0 	 0.022437170954947 	 1.44434053570753E-03 	 2.09928304192395E-02 
 680.219328 	 0 	 0 	 0 	 2.23003285434691E-02 	 1.43758953735829E-03 	 2.08627390061108E-02 
 680.690984 	 0 	 0 	 0 	 2.21644369578757E-02 	 1.43087844253576E-03 	 2.07335585153399E-02 
 681.162966 	 0 	 0 	 0 	 2.20294884731346E-02 	 1.42420695379802E-03 	 2.06052815193365E-02 
 681.635276 	 0 	 0 	 0 	 2.18954612902046E-02 	 1.41757445391608E-03 	 2.04778868362885E-02 
 682.107913 	 0 	 0 	 0 	 2.17623481586378E-02 	 1.41098065892268E-03 	 2.03513674997151E-02 
 682.580878 	 0 	 0 	 0 	 2.16301558233489E-02 	 1.40442560447889E-03 	 0.02022573021887 
 683.054172 	 0 	 0 	 0 	 2.14988768424323E-02 	 1.39790900365334E-03 	 2.01009678387789E-02 
 683.527793 	 0 	 0 	 0 	 2.13684901292391E-02 	 1.39143026024786E-03 	 1.99770598689913E-02 
 684.001742 	 0 	 0 	 0 	 2.12389886989222E-02 	 1.38498910028466E-03 	 1.98539995986375E-02 
 684.476021 	 0 	 0 	 0 	 2.11103791343953E-02 	 1.37858555887611E-03 	 1.97317935755192E-02 
 684.950628 	 0 	 0 	 0 	 2.09826408643342E-02 	 1.37221905502079E-03 	 1.96104218093134E-02 
 685.425564 	 0 	 0 	 0 	 2.08557803920063E-02 	 1.36588962354755E-03 	 1.94898907684588E-02 
 685.900829 	 0 	 0 	 0 	 2.07297906780327E-02 	 1.3595969924826E-03 	 1.93701936855501E-02 
 686.376424 	 0 	 0 	 0 	 2.06046385602814E-02 	 1.35334029900507E-03 	 1.92512982612763E-02 
 686.852349 	 0 	 0 	 0 	 2.04803567145719E-02 	 1.34712017328235E-03 	 1.91332365412896E-02 
 687.328604 	 0 	 0 	 0 	 2.03569122045106E-02 	 1.34093575963325E-03 	 1.90159764448774E-02 
 687.805189 	 0 	 0 	 0 	 2.02342985434594E-02 	 1.33478680284318E-03 	 1.88995117406162E-02 
 688.282104 	 0 	 0 	 0 	 2.01125093028443E-02 	 1.32867304990144E-03 	 1.87838362529429E-02 
 688.759351 	 0 	 0 	 0 	 1.99915633142758E-02 	 1.32259481916237E-03 	 1.86689684951135E-02 
 689.236928 	 0 	 0 	 0 	 1.98714161712548E-02 	 1.31655100114901E-03 	 1.85548651701058E-02 
 689.714836 	 0 	 0 	 0 	 0.019752086726645 	 1.3105419162768E-03 	 1.84415448103682E-02 
 690.193076 	 0 	 0 	 0 	 1.96335684974336E-02 	 1.30456731329033E-03 	 1.83290011841433E-02 
 690.671647 	 0 	 0 	 0 	 1.95158428385042E-02 	 1.29862666780987E-03 	 1.82172161706944E-02 
 691.15055 	 0 	 0 	 0 	 0.019398903664537 	 1.2927197397749E-03 	 1.81061839247621E-02 
 691.629785 	 0 	 0 	 0 	 1.92827569814565E-02 	 1.28684656202329E-03 	 1.79959104194332E-02 
 692.109352 	 0 	 0 	 0 	 0.019167384591541 	 1.28100662329158E-03 	 1.78863779682495E-02 
 692.589252 	 0 	 0 	 0 	 1.90527924276562E-02 	 1.27519995610272E-03 	 1.77775924715535E-02 
 693.069485 	 0 	 0 	 0 	 0.018938962584273 	 1.26942605774847E-03 	 1.76695365265246E-02 
 693.550051 	 0 	 0 	 0 	 1.88258892448897E-02 	 1.26368469833662E-03 	 1.75622045465531E-02 
 694.03095 	 0 	 0 	 0 	 1.87135782332256E-02 	 1.25797590988297E-03 	 1.74556023233426E-02 
 694.512182 	 0 	 0 	 0 	 1.86020120708726E-02 	 1.25229920217672E-03 	 1.73497128686959E-02 
 694.993748 	 0 	 0 	 0 	 1.84911965106164E-02 	 1.24665460691292E-03 	 1.72445419037034E-02 
 695.475648 	 0 	 0 	 0 	 1.83811143530434E-02 	 1.24104164203357E-03 	 1.71400727110099E-02 
 695.957882 	 0 	 0 	 0 	 1.82717600368718E-02 	 1.23546008731104E-03 	 1.70362999495608E-02 
 696.440451 	 0 	 0 	 0 	 1.81631392089478E-02 	 1.22990997392724E-03 	 1.69332292350206E-02 
 696.923354 	 0 	 0 	 0 	 0.018055235077754 	 1.2243908317358E-03 	 1.68308442460182E-02 
 697.406592 	 0 	 0 	 0 	 1.79480532212814E-02 	 1.21890269159368E-03 	 1.67291505296877E-02 
 697.890165 	 0 	 0 	 0 	 1.78415771144883E-02 	 1.21344509112633E-03 	 0.016628132023362 
 698.374073 	 0 	 0 	 0 	 1.77358014384909E-02 	 1.20801781929543E-03 	 1.65277836191955E-02 
 698.858317 	 0 	 0 	 0 	 1.76307316684771E-02 	 1.20262090644115E-03 	 1.64281107620359E-02 
 699.342896 	 0 	 0 	 0 	 1.75263516690598E-02 	 1.19725390154573E-03 	 1.63290977675141E-02 
 699.827812 	 0 	 0 	 0 	 1.74226668486031E-02 	 1.19191683462168E-03 	 1.62307500139814E-02 
 700.313064 	 0 	 0 	 0 	 1.73196508171653E-02 	 1.18660902819777E-03 	 1.61330417889675E-02 
 700.798652 	 0 	 0 	 0 	 1.72173300136237E-02 	 1.18133098156982E-03 	 1.60359990320539E-02 
 701.284577 	 0 	 0 	 0 	 1.71156678658311E-02 	 1.17608179252328E-03 	 1.59395860733078E-02 
 701.770839 	 0 	 0 	 0 	 1.70146801580616E-02 	 1.17086172422695E-03 	 1.58438184338346E-02 
 702.257438 	 0 	 0 	 0 	 1.69143515031221E-02 	 1.16567034743185E-03 	 1.57486811556903E-02 
 702.744375 	 0 	 0 	 0 	 1.68146871116996E-02 	 1.16050769111362E-03 	 1.56541794205859E-02 
 703.231649 	 0 	 0 	 0 	 1.67156718377612E-02 	 1.15537333302673E-03 	 1.55602985047345E-02 
 703.719261 	 0 	 0 	 0 	 0.016617300853355 	 1.15026708078662E-03 	 1.54670337725683E-02 
 704.207211 	 0 	 0 	 0 	 1.65195792730181E-02 	 1.14518896285132E-03 	 1.53743903101668E-02 
 704.695499 	 0 	 0 	 0 	 1.64312832215469E-02 	 1.14016715684377E-03 	 1.52911160647031E-02 
 705.184126 	 0 	 0 	 0 	 1.63630215941727E-02 	 1.13523646550119E-03 	 1.52277851286715E-02 
 705.673092 	 0 	 0 	 0 	 1.62951060319198E-02 	 1.13033156210536E-03 	 1.51647744698144E-02 
 706.162397 	 0 	 0 	 0 	 1.62275469345139E-02 	 1.12545268631221E-03 	 1.51020942482017E-02 
 706.652041 	 0 	 0 	 0 	 0.016160335764031 	 1.12059946687795E-03 	 0.015039736297153 
 707.142025 	 0 	 0 	 0 	 0.016093476507135 	 1.11577193680304E-03 	 0.014977704570332 
 707.632348 	 0 	 0 	 0 	 1.60269545990245E-02 	 1.11096953377759E-03 	 1.49159850652469E-02 
 708.123012 	 0 	 0 	 0 	 1.59607801984865E-02 	 1.10619249020102E-03 	 1.48545877082855E-02 
 708.614015 	 0 	 0 	 0 	 1.58949510523568E-02 	 1.1014406400165E-03 	 1.47935104123403E-02 
 709.105359 	 0 	 0 	 0 	 1.58294528721723E-02 	 1.09671343385191E-03 	 1.47327394383204E-02 
 709.597044 	 0 	 0 	 0 	 1.57642956404444E-02 	 1.09201109882601E-03 	 1.46722845416184E-02 
 710.08907 	 0 	 0 	 0 	 0.015699471201971 	 1.08733328335756E-03 	 1.46121379186134E-02 
 710.581437 	 0 	 0 	 0 	 1.56349833974805E-02 	 1.08268001880928E-03 	 1.45523033786712E-02 
 711.074145 	 0 	 0 	 0 	 0.015570818297108 	 1.0780507725289E-03 	 1.44927675245791E-02 
 711.567195 	 0 	 0 	 0 	 1.55069856535366E-02 	 0.001073445764778 	 1.44335398887586E-02 
 712.060587 	 0 	 0 	 0 	 1.54434833301938E-02 	 1.06886483831536E-03 	 1.43746184918784E-02 
 712.55432 	 0 	 0 	 0 	 1.53802976593819E-02 	 1.06430747266214E-03 	 1.43159901867197E-02 
 713.048397 	 0 	 0 	 0 	 1.53174382256084E-02 	 1.05977388308928E-03 	 1.42576643425191E-02 
 713.542816 	 0 	 0 	 0 	 1.52548972362041E-02 	 1.05526373650297E-03 	 1.41996334997011E-02 
 714.037577 	 0 	 0 	 0 	 0.015192672722373 	 1.05077688458786E-03 	 1.41418958377851E-02 
 714.532682 	 0 	 0 	 0 	 1.51307683649783E-02 	 1.04631335689629E-03 	 0.014084455008082 
 715.02813 	 0 	 0 	 0 	 1.50691765209579E-02 	 1.04187282792258E-03 	 1.40273036930354E-02 
 715.523921 	 0 	 0 	 0 	 1.50078952655392E-02 	 1.03745515273378E-03 	 1.39704401128055E-02 
 716.020057 	 0 	 0 	 0 	 1.49469226881265E-02 	 1.03306018749294E-03 	 1.39138625006336E-02 
 716.516536 	 0 	 0 	 0 	 0.014886256892179 	 1.02868778944953E-03 	 1.38575691027294E-02 
 717.01336 	 0 	 0 	 0 	 1.48259014621885E-02 	 1.02433798705539E-03 	 1.38015634751331E-02 
 717.510528 	 0 	 0 	 0 	 1.47658489964766E-02 	 0.001020010466998 	 1.37458385294786E-02 
 718.008041 	 0 	 0 	 0 	 1.47060976406382E-02 	 1.01570508976099E-03 	 1.36903925508772E-02 
 718.505898 	 0 	 0 	 0 	 0.014646645553838 	 1.01142171687615E-03 	 1.36352238369618E-02 
 719.004101 	 0 	 0 	 0 	 1.45874962456093E-02 	 1.00716037594357E-03 	 1.35803358696657E-02 
 719.50265 	 0 	 0 	 0 	 1.45286425010399E-02 	 1.00292076303924E-03 	 1.35257217380007E-02 
 720.001544 	 0 	 0 	 0 	 1.44700825199825E-02 	 9.98702742815685E-04 	 1.34713797771668E-02 
 720.500784 	 0 	 0 	 0 	 1.44118145153943E-02 	 0.000994506180937 	 1.34173083344573E-02 
 721.00037 	 0 	 0 	 0 	 1.43538367132255E-02 	 9.90330944069941E-04 	 1.33635057691555E-02 
 721.500303 	 0 	 0 	 0 	 1.42961525315638E-02 	 9.86177058769158E-04 	 1.33099754727946E-02 
 722.000582 	 0 	 0 	 0 	 1.42387498326281E-02 	 9.82044074696019E-04 	 0.013256705757932 
 722.501208 	 0 	 0 	 0 	 1.41816372087541E-02 	 9.77932178084169E-04 	 1.32037050306699E-02 
 723.002181 	 0 	 0 	 0 	 1.41248077581523E-02 	 9.73841080660013E-04 	 1.31509666774922E-02 
 723.503502 	 0 	 0 	 0 	 0.014068259770732 	 9.69770654003333E-04 	 1.30984891167287E-02 
 724.00517 	 0 	 0 	 0 	 1.40119965757574E-02 	 9.65720923653565E-04 	 1.30462756521038E-02 
 724.507186 	 0 	 0 	 0 	 0.013956006403861 	 9.61691455919354E-04 	 1.29943149479416E-02 
 725.009551 	 0 	 0 	 0 	 1.39002976062859E-02 	 9.57682430097191E-04 	 1.29426151761887E-02 
 725.512263 	 0 	 0 	 0 	 1.38448634952724E-02 	 9.53693568541877E-04 	 1.28911699267305E-02 
 726.015324 	 0 	 0 	 0 	 1.37897024219977E-02 	 9.49724747535089E-04 	 1.28399776744626E-02 
 726.518734 	 0 	 0 	 0 	 1.37348127494608E-02 	 9.45775844268933E-04 	 1.27890369051918E-02 
 727.022493 	 0 	 0 	 0 	 1.36801977035666E-02 	 9.41846883098503E-04 	 1.27383508204681E-02 
 727.526601 	 0 	 0 	 0 	 1.36258459396876E-02 	 9.37937449399977E-04 	 1.26879084902877E-02 
 728.031059 	 0 	 0 	 0 	 1.35717655298563E-02 	 9.34047714496217E-04 	 1.26377178153601E-02 
 728.535867 	 0 	 0 	 0 	 1.35179452668057E-02 	 9.30177269900233E-04 	 1.25877679969055E-02 
 729.041025 	 0 	 0 	 0 	 1.34643931317023E-02 	 9.26326284351537E-04 	 1.25380668473507E-02 
 729.546532 	 0 	 0 	 0 	 1.34111027628185E-02 	 9.22494496284868E-04 	 1.24886082665336E-02 
 730.052391 	 0 	 0 	 0 	 1.33580726037445E-02 	 9.18681789076052E-04 	 1.24393908146685E-02 
 730.5586 	 0 	 0 	 0 	 1.33053057641679E-02 	 9.14888185748223E-04 	 1.23904175784197E-02 
 731.06516 	 0 	 0 	 0 	 1.32527913723273E-02 	 9.11113292742141E-04 	 1.23416780795852E-02 
 731.572072 	 0 	 0 	 0 	 1.32005325871753E-02 	 9.07357135798413E-04 	 1.22931754513768E-02 
 732.079335 	 0 	 0 	 0 	 1.31485324697783E-02 	 9.03619737376205E-04 	 1.22449127324021E-02 
 732.586949 	 0 	 0 	 0 	 1.30967848908155E-02 	 8.99900847286183E-04 	 1.21968840435294E-02 
 733.094916 	 0 	 0 	 0 	 1.30452838387396E-02 	 8.96200220195654E-04 	 1.21490836185439E-02 
 733.603235 	 0 	 0 	 0 	 1.29940369006763E-02 	 8.92518013739096E-04 	 1.21015188869372E-02 
 734.111906 	 0 	 0 	 0 	 1.29430380594812E-02 	 8.88853983192528E-04 	 1.20541840762887E-02 
 734.62093 	 0 	 0 	 0 	 0.012892285855473 	 8.85208019347048E-04 	 1.20070778361259E-02 
 735.130307 	 0 	 0 	 0 	 1.28417788392168E-02 	 8.81580013780372E-04 	 1.19601988254364E-02 
 735.640037 	 0 	 0 	 0 	 1.27915155714416E-02 	 8.77969858850268E-04 	 1.19135457125914E-02 
 736.15012 	 0 	 0 	 0 	 1.27414946229564E-02 	 8.74377447687973E-04 	 1.18671171752685E-02 
 736.660558 	 0 	 0 	 0 	 1.26917189144868E-02 	 8.70802801149386E-04 	 1.18209161133374E-02 
 737.171349 	 0 	 0 	 0 	 1.26421783317942E-02 	 8.67245559042356E-04 	 1.17749327727518E-02 
 737.682494 	 0 	 0 	 0 	 1.25928758406437E-02 	 8.63705744680558E-04 	 1.17291700959632E-02 
 738.193994 	 0 	 0 	 0 	 1.25438143164107E-02 	 8.60183378398414E-04 	 1.16836309380123E-02 
 738.705849 	 0 	 0 	 0 	 1.24949838243289E-02 	 8.56678107837716E-04 	 1.16383057164911E-02 
 739.218058 	 0 	 0 	 0 	 0.012446391499825 	 8.53190078085236E-04 	 1.15932014217398E-02 
 739.730622 	 0 	 0 	 0 	 1.23980317174219E-02 	 8.49719063356116E-04 	 1.15483126540658E-02 
 740.243542 	 0 	 0 	 0 	 1.23498989585556E-02 	 8.46264842196879E-04 	 1.15036341163587E-02 
 740.756818 	 0 	 0 	 0 	 1.23020002407489E-02 	 8.42827556450826E-04 	 1.14591726842981E-02 
 741.27045 	 0 	 0 	 0 	 1.22543300399574E-02 	 8.39406985201255E-04 	 1.14149230547562E-02 
 741.784437 	 0 	 0 	 0 	 1.22068829368796E-02 	 8.36002911758813E-04 	 1.13708800251208E-02 
 742.298781 	 0 	 0 	 0 	 1.21596658333663E-02 	 8.32615474798959E-04 	 1.13270503585673E-02 
 742.813482 	 0 	 0 	 0 	 1.21126733046671E-02 	 8.29244458155144E-04 	 0.011283428846512 
 743.328539 	 0 	 0 	 0 	 1.20659040548398E-02 	 8.25889765152661E-04 	 1.12400142896871E-02 
 743.843954 	 0 	 0 	 0 	 1.20193527936921E-02 	 8.22551185275514E-04 	 1.11968016084166E-02 
 744.359726 	 0 	 0 	 0 	 1.19730262722356E-02 	 8.1922885308987E-04 	 1.11537974191457E-02 
 744.875856 	 0 	 0 	 0 	 1.19269191948735E-02 	 8.15922558584567E-04 	 1.11109966362889E-02 
 745.392343 	 0 	 0 	 0 	 1.18810303008952E-02 	 8.12632207779564E-04 	 1.10683980931157E-02 
 745.909189 	 0 	 0 	 0 	 1.18353544256256E-02 	 8.09357596134654E-04 	 0.011025996829491 
 746.426393 	 0 	 0 	 0 	 1.17898981730094E-02 	 8.06098854233549E-04 	 1.09837993187758E-02 
 746.943956 	 0 	 0 	 0 	 1.17446563730128E-02 	 8.02855778023686E-04 	 1.09418005949891E-02 
 747.461878 	 0 	 0 	 0 	 1.16996277990413E-02 	 7.99628276132153E-04 	 1.08999995229092E-02 
 747.980158 	 0 	 0 	 0 	 1.16548074084599E-02 	 7.96416149804019E-04 	 1.08583912586559E-02 
 748.498798 	 0 	 0 	 0 	 1.16102016618113E-02 	 7.93219525763285E-04 	 0.010816982136048 
 749.017798 	 0 	 0 	 0 	 1.15658055111502E-02 	 7.90038205726122E-04 	 1.07757673054241E-02 
 749.537157 	 0 	 0 	 0 	 1.15216140031581E-02 	 7.86871995155629E-04 	 1.07347420080025E-02 
 750.056877 	 0 	 0 	 0 	 1.14776334931681E-02 	 7.83721017959109E-04 	 0.010693912475209 
 750.576957 	 0 	 0 	 0 	 1.14338553052107E-02 	 7.80584975897096E-04 	 1.06532703293136E-02 
 751.097398 	 0 	 0 	 0 	 1.13902857255704E-02 	 7.77463991035362E-04 	 0.010612821734535 
 751.618199 	 0 	 0 	 0 	 0.011346916178652 	 7.74357769383858E-04 	 1.05725584092682E-02 
 752.139362 	 0 	 0 	 0 	 1.13037492277175E-02 	 7.71266329276473E-04 	 0.010532482898441 
 752.660886 	 0 	 0 	 0 	 1.12607873606916E-02 	 7.68189686661722E-04 	 1.04925976740299E-02 
 753.182772 	 0 	 0 	 0 	 1.12180221500135E-02 	 7.65127553797914E-04 	 1.04528945962156E-02 
 753.705019 	 0 	 0 	 0 	 0.011175456119571 	 7.6207994854198E-04 	 0.010413376171029 
 754.227629 	 0 	 0 	 0 	 1.11330881460223E-02 	 7.59046787411216E-04 	 1.03740413586111E-02 
 754.750601 	 0 	 0 	 0 	 1.10909171135689E-02 	 7.56027987497452E-04 	 1.03348891260714E-02 
 755.273935 	 0 	 0 	 0 	 1.10489419138956E-02 	 7.53023466462418E-04 	 1.02959184474332E-02 
 755.797633 	 0 	 0 	 0 	 1.10071614461131E-02 	 7.50033142533175E-04 	 1.02571283035799E-02 
 756.321693 	 0 	 0 	 0 	 0.010967890747517 	 7.47065192884085E-04 	 1.02208255546329E-02 
 756.846117 	 0 	 0 	 0 	 1.09318409741036E-02 	 7.44121922432455E-04 	 1.01877190516711E-02 
 757.370905 	 0 	 0 	 0 	 1.08959406951348E-02 	 7.41192443442677E-04 	 1.01547482516922E-02 
 757.896056 	 0 	 0 	 0 	 1.08601834510995E-02 	 7.3827649317934E-04 	 1.01219069579201E-02 
 758.421572 	 0 	 0 	 0 	 1.08245713785129E-02 	 7.35374088795803E-04 	 1.00891972897171E-02 
 758.947452 	 0 	 0 	 0 	 1.07891065612932E-02 	 7.32485245339508E-04 	 1.00566213159537E-02 
 759.473697 	 0 	 0 	 0 	 1.07537826389534E-02 	 7.29609705520059E-04 	 1.00241729334334E-02 
 760.000306 	 0 	 0 	 0 	 1.07186017184029E-02 	 7.26747486035131E-04 	 9.99185423236774E-03 
 760.527281 	 0 	 0 	 0 	 1.06835630851899E-02 	 7.23898512699133E-04 	 9.95966457249078E-03 
 761.054621 	 0 	 0 	 0 	 1.06486632733551E-02 	 7.21062623619916E-04 	 9.92760064973515E-03 
 761.582327 	 0 	 0 	 0 	 1.06139071025437E-02 	 7.1823992261263E-04 	 9.89566717993104E-03 
 762.110398 	 0 	 0 	 0 	 1.05792883731121E-02 	 7.15430161171757E-04 	 9.86385821194039E-03 
 762.638836 	 0 	 0 	 0 	 1.05448118583103E-02 	 7.12633441592207E-04 	 9.83217841671812E-03 
 763.16764 	 0 	 0 	 0 	 1.05104714215797E-02 	 7.09849518794591E-04 	 9.80062190278507E-03 
 763.696811 	 0 	 0 	 0 	 1.04762691023055E-02 	 7.07078408438386E-04 	 9.76919069386709E-03 
 764.226349 	 0 	 0 	 0 	 0.010442201540919 	 7.04319955152723E-04 	 9.73788158576623E-03 
 764.756254 	 0 	 0 	 0 	 1.04082734191892E-02 	 7.01574258247018E-04 	 9.70669916094218E-03 
 765.286526 	 0 	 0 	 0 	 1.03744813724462E-02 	 6.98841162681915E-04 	 9.67564020976428E-03 
 765.817167 	 0 	 0 	 0 	 1.03408220929794E-02 	 6.96120516243231E-04 	 9.64470157673621E-03 
 766.348175 	 0 	 0 	 0 	 0.010307297573383 	 6.93412333878268E-04 	 9.61388523950474E-03 
 766.879551 	 0 	 0 	 0 	 1.02739071488794E-02 	 6.90716547040609E-04 	 9.58319060183879E-03 
 767.411295 	 0 	 0 	 0 	 1.02406501586798E-02 	 6.88033087633008E-04 	 9.55261707104678E-03 
 767.943409 	 0 	 0 	 0 	 1.02075259459555E-02 	 6.85361888003958E-04 	 9.52216405795158E-03 
 768.475891 	 0 	 0 	 0 	 1.01745312871149E-02 	 6.82702801029129E-04 	 9.49182848608578E-03 
 769.008743 	 0 	 0 	 0 	 1.01416681291781E-02 	 6.8005584097055E-04 	 9.4616122882075E-03 
 769.541964 	 0 	 0 	 0 	 1.01089358268095E-02 	 6.77420941480922E-04 	 9.43151488532861E-03 
 770.075554 	 0 	 0 	 0 	 1.00763337385246E-02 	 6.74798036645391E-04 	 9.40153570187919E-03 
 770.609515 	 0 	 0 	 0 	 1.00438612266619E-02 	 6.72187060978263E-04 	 9.37167416568362E-03 
 771.143846 	 0 	 0 	 0 	 0.010011515149233 	 6.69587872255414E-04 	 9.34192727697759E-03 
 771.678548 	 0 	 0 	 0 	 9.97929740886416E-03 	 6.67000484079548E-04 	 9.31229692478461E-03 
 772.21362 	 0 	 0 	 0 	 9.9472073789907E-03 	 6.64424832220793E-04 	 9.28278254676991E-03 
 772.749063 	 0 	 0 	 0 	 9.91524443676547E-03 	 6.61860852865722E-04 	 9.25338358389975E-03 
 773.284878 	 0 	 0 	 0 	 9.8834079630337E-03 	 6.59308482614172E-04 	 9.22409948041953E-03 
 773.821064 	 0 	 0 	 0 	 9.85169489498175E-03 	 6.56767583960387E-04 	 9.19492731102137E-03 
 774.357622 	 0 	 0 	 0 	 9.82010709198885E-03 	 6.54238169872762E-04 	 9.16586892211609E-03 
 774.894551 	 0 	 0 	 0 	 9.78864394561545E-03 	 6.51720178160645E-04 	 9.1369237674548E-03 
 775.431854 	 0 	 0 	 0 	 9.75730243934239E-03 	 6.49213474060499E-04 	 9.10808896528189E-03 
 775.969528 	 0 	 0 	 0 	 9.72608680697614E-03 	 6.467181426349E-04 	 9.07936866434124E-03 
 776.507576 	 0 	 0 	 0 	 9.6949916390494E-03 	 6.44233977438143E-04 	 9.05075766161125E-03 
 777.045996 	 0 	 0 	 0 	 9.66401637618529E-03 	 6.41760919361904E-04 	 9.02225545682338E-03 
 777.58479 	 0 	 0 	 0 	 9.63316519224297E-03 	 6.39299051607879E-04 	 8.9938661406351E-03 
 778.123958 	 0 	 0 	 0 	 9.60243275793577E-03 	 6.36848171890406E-04 	 8.96558458604536E-03 
 778.663499 	 0 	 0 	 0 	 9.5718208656687E-03 	 6.34408292208466E-04 	 8.93741257346023E-03 
 779.203415 	 0 	 0 	 0 	 9.54132893464792E-03 	 6.319793534752E-04 	 8.90934958117272E-03 
 779.743705 	 0 	 0 	 0 	 9.51095406796115E-03 	 6.29561227953006E-04 	 8.88139284000814E-03 
 780.284369 	 0 	 0 	 0 	 9.48070034184799E-03 	 6.27153995841903E-04 	 8.85354634600608E-03 
 780.825409 	 0 	 0 	 0 	 9.45056026058305E-03 	 6.24757393513872E-04 	 8.82580286706918E-03 
 781.366823 	 0 	 0 	 0 	 9.42054018150031E-03 	 6.22371569021891E-04 	 8.79816861247842E-03 
 781.908613 	 0 	 0 	 0 	 9.39063495710503E-03 	 6.19996329435251E-04 	 8.77063862766978E-03 
 782.450779 	 0 	 0 	 0 	 9.36084632339244E-03 	 6.17631685950515E-04 	 8.74321463744193E-03 
 782.99332 	 0 	 0 	 0 	 9.33117372249685E-03 	 6.15277582047079E-04 	 8.71589614044977E-03 
 783.536238 	 0 	 0 	 0 	 9.30161435755906E-03 	 6.12933895797946E-04 	 8.68868046176112E-03 
 784.079532 	 0 	 0 	 0 	 9.27216994099129E-03 	 6.10600638067665E-04 	 8.66156930292363E-03 
 784.623203 	 0 	 0 	 0 	 9.24283992439832E-03 	 6.08277753394185E-04 	 8.63456217100414E-03 
 785.167251 	 0 	 0 	 0 	 9.21362155252861E-03 	 6.05965122248526E-04 	 8.60765643028009E-03 
 785.711676 	 0 	 0 	 0 	 9.18451651457371E-03 	 6.03662755171033E-04 	 8.58085375940268E-03 
 786.256479 	 0 	 0 	 0 	 9.15552427141937E-03 	 6.01370597735255E-04 	 8.55415367368411E-03 
 786.801659 	 0 	 0 	 0 	 9.12664428706243E-03 	 5.99088595858208E-04 	 8.52755569120422E-03 
 787.347218 	 0 	 0 	 0 	 9.09787386066072E-03 	 5.96816633130022E-04 	 8.5010572275307E-03 
 787.893154 	 0 	 0 	 0 	 9.06921249350835E-03 	 5.94554657435492E-04 	 8.47465783607286E-03 
 788.43947 	 0 	 0 	 0 	 9.04066398405412E-03 	 5.92302740600372E-04 	 8.44836124345375E-03 
 788.986164 	 0 	 0 	 0 	 9.01222350346561E-03 	 5.90060705824356E-04 	 8.42216279764126E-03 
 789.533237 	 0 	 0 	 0 	 8.98389056143158E-03 	 5.87828501955064E-04 	 8.39606205947651E-03 
 790.080689 	 0 	 0 	 0 	 8.9556689034946E-03 	 5.85606199253976E-04 	 8.37006270424063E-03 
 790.628521 	 0 	 0 	 0 	 8.92755377103551E-03 	 5.83393624427554E-04 	 8.34416014660796E-03 
 791.176733 	 0 	 0 	 0 	 8.89954468197072E-03 	 5.81190727265579E-04 	 8.31835395470514E-03 
 791.725325 	 0 	 0 	 0 	 8.87164324329708E-03 	 5.78997517180748E-04 	 8.29264572611633E-03 
 792.274298 	 0 	 0 	 0 	 8.84384894831858E-03 	 5.76813943353346E-04 	 8.26703500496524E-03 
 792.823651 	 0 	 0 	 0 	 8.81615922654787E-03 	 5.74639896768063E-04 	 8.24151932977981E-03 
 793.373385 	 0 	 0 	 0 	 8.78857566337281E-03 	 5.72475386547699E-04 	 8.21610027682512E-03 
 793.9235 	 0 	 0 	 0 	 8.76109776054949E-03 	 5.70320362808344E-04 	 8.19077739774115E-03 
 794.473996 	 0 	 0 	 0 	 8.73372298528224E-03 	 5.68174718651531E-04 	 8.16554826663071E-03 
 795.024875 	 0 	 0 	 0 	 8.7064529016785E-03 	 5.66038462917083E-04 	 8.14041443876141E-03 
 795.576135 	 0 	 0 	 0 	 8.67928500165762E-03 	 5.63911490089444E-04 	 8.11537351156818E-03 
 796.127777 	 0 	 0 	 0 	 8.65222083526694E-03 	 5.61793808820652E-04 	 8.09042702644629E-03 
 796.679802 	 0 	 0 	 0 	 8.62525991792869E-03 	 5.59685370739513E-04 	 8.06557454718918E-03 
 797.23221 	 0 	 0 	 0 	 8.59839977818677E-03 	 5.57586072371812E-04 	 8.04081370581496E-03 
 797.785001 	 0 	 0 	 0 	 8.5716419453436E-03 	 5.55495922097809E-04 	 8.01614602324579E-03 
 798.338175 	 0 	 0 	 0 	 8.54498397196025E-03 	 5.53414817776963E-04 	 7.99156915418329E-03 
 798.891733 	 0 	 0 	 0 	 8.5184273736326E-03 	 5.51342767609192E-04 	 7.96708460602341E-03 
 799.445674 	 0 	 0 	 0 	 8.49196972666706E-03 	 5.49279670768535E-04 	 7.94269005589853E-03 
 800 	 0 	 0 	 0 	 8.46561253309159E-03 	 5.47225535277516E-04 	 7.91838699781407E-03 
******************************************

